ID         交易年月  總價(含車)  單價(含車)  權狀   建坪
---------  --------  ----------  ----------  -----  ----
IFFBF27CA  13-01     3284(3479)  50(46)      75.4   65.7
LFFBF37CA  15-12     3020(3420)  44(41)      84.2   68.2
IFFBF08CA  13-06     4050(4450)  58(56)      79.9   69.4
IFFBF08CA  13-05     3468(3808)  49(48)      79.5   70.5
JFFBF47CA  14-03     3510(3510)  53(53)      66.1   66.1
OFFBF28CA  18-12     2275(2520)  41(36)      69.5   55.9
MFFBF18CA  17-02     4535(4983)  60(50)      99.3   75.7
NFFBF58CA  18-03     3235(3690)  49(41)      89.9   65.9
IFFBF97CA  13-02     2756(3116)  49(41)      75.5   56.0
IFFBF08CA  13-01     2587(2747)  50(45)      61.7   52.0
OFFBF09CA  19-07     2830(2830)  40(40)      71.2   71.2
LFFBF87CA  16-06     3612(4102)  50(40)      101.4  72.2
OFFBF77CA  18-11     2748(2978)  45(41)      73.1   61.1
NFFBF77CA  18-01     2580(2800)  47(41)      67.6   55.3
NFFBF57CA  17-08     4950(5430)  62(51)      106.0  79.9
KFFBF47CA  15-11     2300(2300)  37(37)      61.8   61.8
LFFBF47CA  16-03     4065(4445)  54(45)      98.6   74.9
IFFBF47CA  13-03     2469(2909)  47(41)      71.8   52.3
MFFBF37CA  17-08     2200(2200)  35(35)      62.9   62.9
KFFBF77CA  15-03     3688(4126)  59(48)      86.1   62.1
NFFBF18CA  18-03     3462(3712)  48(43)      86.7   72.2
OFFBF38CA  19-04     2185(2400)  39(35)      68.9   55.4
JFFBF18CA  14-06     3184(3390)  56(50)      68.2   57.0
NFFBF78CA  18-02     3375(3790)  51(42)      90.5   66.8
IFFBF97CA  13-01     2572(2891)  49(40)      72.3   52.8
OFFBF88CA  19-03     2320(2550)  42(37)      69.5   55.9
OFFBF09CA  19-06     2440(2650)  43(38)      69.0   56.7
JFFBF18CA  14-11     3367(3776)  54(44)      85.9   61.9
IFFBF28CA  13-01     2654(3094)  47(41)      75.5   56.1
NFFBF77CA  17-11     3220(3680)  44(38)      97.1   72.5
MFFBF77CA  17-03     3920(4280)  54(45)      94.3   72.4
IFFBF77CA  13-07     2484(2664)  45(41)      65.5   55.8
NFFBF97CA  17-11     3180(3400)  47(43)      79.3   67.0
KFFBF57CA  13-12     3705(3905)  46(44)      88.5   79.7
OFFBF48CA  19-06     3012(3442)  42(36)      96.2   71.6
JFFBF57CA  14-11     3604(4020)  58(47)      86.1   62.1
OFFBF48CA  19-02     2579(3029)  42(35)      86.1   62.1
IFFBF18CA  13-05     3250(3430)  53(52)      66.1   60.9
IFFBF97CA  13-04     3180(3500)  48(41)      85.3   65.9
KFFBF08CA  15-11     4640(5030)  62(51)      98.6   74.9
NFFBF98DA  18-05     3220(3450)  47(44)      78.3   68.0
IFFBF08CA  13-02     2589(2754)  50(45)      61.3   51.6
OFFBF98CA  19-03     2698(2938)  45(41)      71.1   59.3
IFFBF38CA  13-01     2739(3139)  49(42)      75.5   56.1
IFFBF57CA  13-01     2998(3188)  51(47)      68.1   58.4
OFFBF97CA  19-05     2200(2200)  36(36)      61.7   61.7
OFFBF48CA  19-06     2340(2575)  42(37)      69.5   55.9
OFFBF08CA  18-12     2628(2838)  40(37)      76.9   64.9
PFFBF68CA  20-05     2745(2745)  35(35)      78.0   78.0
IFFBF28CA  13-06     3200(3390)  53(52)      65.8   60.5
JFFBF58CA  13-11     3096(3316)  50(47)      71.0   62.1
JFFBF77CA  14-10     4072(4537)  55(44)      103.3  74.2
LFFBF28CA  16-04     3177(3387)  48(43)      78.4   66.5
MFFBF48DA  17-11     2712(2952)  48(43)      67.9   56.0
IFFBF18CA  13-01     2666(3106)  47(41)      75.8   56.3
OFFBF68CA  19-09     2495(2715)  44(39)      69.2   56.9
IFFBF38CA  13-01     2435(2795)  47(39)      71.2   51.7
NFFBF09DA  18-04     2650(2850)  45(40)      71.2   59.4
IFFBF58CA  13-05     3100(3280)  51(50)      65.4   60.9
IFFBF17CA  13-08     2960(3150)  48(47)      66.5   61.3
IFFBF57CA  13-01     3018(3428)  51(43)      79.2   59.7
NFFBF18DA  18-03     3050(3235)  39(38)      86.0   78.0
PFFBF48CA  20-03     2886(3136)  44(40)      78.0   65.9
PFFBF18CA  19-12     2470(2894)  44(36)      80.1   55.6
KFFBF97EA  14-12     3091(3091)  40(40)      77.2   77.2
NFFBF48CA  18-04     2290(2510)  40(36)      69.2   57.1
JFFBF97CA  14-11     4206(4446)  58(51)      87.1   72.6
JFFBF28CA  14-02     4348(4810)  59(50)      96.3   73.9
IFFBF58CA  13-06     2255(2525)  43(35)      71.7   52.2
MFFBF88CA  17-03     3950(4410)  52(43)      101.9  75.7
JFFBF28CA  14-10     2990(3390)  55(44)      77.2   54.6
IFFBF48CA  13-01     2640(3000)  51(42)      71.2   51.7
JFFBF57CA  14-10     2746(3176)  50(41)      77.2   54.6
OFFBF68CA  19-05     2938(3388)  44(38)      90.3   66.4
IFFBF77CA  13-01     2767(3167)  48(41)      77.6   58.2
LFFBF87CA  15-11     4063(4273)  51(48)      88.5   79.7
MFFBF48CA  17-05     3150(3380)  55(49)      68.7   56.9
KFFBF28CA  15-05     2928(2928)  41(41)      71.1   71.1
JFFBF77CA  14-10     4400(4800)  55(47)      101.9  79.3
JFFBF97CA  14-10     4079(4559)  55(44)      103.2  74.1
JFFBF97CA  13-12     3330(3330)  43(43)      77.7   77.7
KFFBF08CA  14-12     3363(3559)  55(49)      73.0   61.0
KFFBF18CA  14-12     3391(3815)  55(44)      86.2   62.2
IFFBF68CA  13-05     2701(3031)  51(42)      72.7   53.2
IFFBF58CA  13-02     2424(2844)  46(40)      71.7   52.3
IFFBF78CA  13-05     3132(3332)  52(51)      65.8   60.5
MFFBF56CA  17-04     2840(3180)  47(39)      82.0   60.1
IFFBF87CA  13-01     2418(2568)  46(41)      62.4   52.7
IFFBF18CA  13-06     3195(3375)  52(51)      66.8   61.5
MFFBF58CA  17-04     3120(3500)  52(43)      82.0   60.1
IFFBF38CA  13-04     2448(2638)  47(43)      61.8   52.1
IFFBF88CA  13-05     3185(3525)  52(50)      70.6   61.5
IFFBF97CA  13-02     3249(3669)  48(42)      86.7   67.3
PFFBF76DA  20-07     3555(4010)  47(40)      99.2   75.5
IFFBF48CA  13-02     3281(3651)  49(42)      86.5   67.1
IFFBF78CA  13-01     2717(3142)  52(44)      71.9   52.4
IFFBF08CA  13-02     2460(2835)  47(39)      71.8   52.4
JFFBF18CA  14-02     4379(4880)  59(51)      96.3   73.9
IFFBF48CA  13-01     3287(3497)  50(46)      75.6   65.9
IFFBF58CA  13-01     2524(2784)  47(38)      72.9   53.5
IFFBF88CA  13-01     2825(3020)  50(46)      66.2   56.5
KFFBF27CA  15-02     2250(2400)  43(38)      63.1   52.1
OFFBF57DA  19-08     2620(2620)  39(39)      66.8   66.8
OFFBF87CA  19-02     1889(1889)  35(35)      53.5   53.5
JFFBF37CA  14-11     3520(3703)  58(51)      72.7   60.7
MFFBF28CD  17-05     2800(3140)  47(38)      81.9   60.0
LFFBF57CA  16-02     3476(3922)  56(45)      86.2   62.2
LFFBF08CA  16-06     2730(2730)  38(38)      72.1   72.1
OFFBF08DA  19-10     2790(3030)  50(45)      67.6   55.7
MFFBF97DA  17-01     2060(2400)  39(33)      72.1   52.6
NFFBF48CA  18-05     2858(3070)  51(45)      68.4   56.1
OFFBF18DA  19-09     2090(2510)  37(33)      75.6   56.2
LFFBF28CA  16-06     3268(3728)  53(43)      85.9   61.9
KFFBF77CA  14-12     3823(4228)  58(47)      89.9   65.9
LFFBF38DA  16-01     3660(4100)  53(45)      91.3   69.1
KFFBF77CA  15-08     3745(4175)  52(47)      89.7   72.0
OFFBF18CA  19-09     2930(2930)  41(41)      71.2   71.2
LFFBF28CA  16-04     2465(2465)  40(40)      61.8   61.8
JFFBF08CA  14-11     3767(4140)  57(46)      89.9   65.9
IFFBF37CA  13-02     3320(3740)  51(44)      85.2   65.7
LFFBF47CA  15-12     3010(3200)  44(42)      76.1   68.1
OFFBF68CA  19-07     2569(3259)  46(35)      92.9   56.1
IFFBF18CA  13-05     3170(3350)  52(51)      66.0   61.5
IFFBF37CA  13-01     3017(3407)  51(43)      79.2   59.7
PFFBF08CA  20-01     3382(3577)  45(41)      87.3   75.5
KFFBF27CA  15-01     3438(3836)  56(45)      85.9   61.9
KFFBF27CA  14-12     3478(3862)  56(45)      86.1   62.1
KFFBF47CA  15-09     3333(3518)  54(48)      73.2   61.2
KFFBF77CA  15-03     3319(3500)  54(48)      73.0   61.0
KFFBF18CA  15-05     2450(2800)  46(39)      72.7   53.2
JFFBF57CA  14-05     3408(3618)  46(42)      86.2   73.3
IFFBF97CA  13-01     2676(2936)  50(40)      72.8   53.3
KFFBF87CA  14-10     2830(3230)  52(42)      77.2   54.6
JFFBF28CA  14-05     3108(3315)  55(49)      68.2   57.0
KFFBF97CA  14-12     3487(3938)  56(46)      85.9   61.9
JFFBF28CA  14-06     3026(3250)  54(48)      67.1   55.9
IFFBF47CA  13-01     3043(3443)  51(44)      79.0   59.6
MFFBF57CA  17-11     2150(2150)  38(38)      57.1   57.1
LFFBF47CA  16-01     4668(5068)  62(51)      98.6   74.9
JFFBF57CA  14-11     3325(3688)  54(43)      85.9   61.9
KFFBF87CA  15-11     3858(4068)  58(52)      78.7   66.8
OFFBF48CA  19-04     3140(3560)  44(37)      96.3   71.7
IFFBF08CA  13-01     2491(2671)  48(43)      61.8   52.0
OFFBF78CA  19-04     2710(2710)  38(38)      71.2   71.2
NFFBF88CA  18-07     2650(2650)  37(37)      71.2   71.2
IFFBF08CA  13-03     3263(3663)  50(43)      85.2   65.8
MFFBF28CA  16-11     4150(4650)  52(46)      101.9  79.3
OFFBF56CA  19-06     2476(2696)  43(39)      69.9   57.6
OFFBF68CA  19-11     2568(2988)  45(36)      82.1   57.6
OFFBF58CA  19-08     2541(2741)  45(40)      68.4   56.0
IFFBF28CA  13-01     2745(3035)  53(43)      71.2   51.8
JFFBF47CA  13-12     4198(4395)  58(52)      84.1   72.8
MFFBF87CA  17-04     2695(2865)  45(41)      70.7   59.8
OFFBF58CA  19-06     2490(2690)  43(38)      69.9   57.6
JFFBF67CA  14-11     3460(3873)  56(45)      85.6   61.7
OFFBF38CA  19-01     3073(3533)  42(36)      97.1   72.5
KFFBF28CA  15-03     2832(3045)  54(49)      62.1   52.4
OFFBF08CA  19-07     3330(3800)  46(39)      96.3   71.7
IFFBF97CA  13-10     2610(2610)  42(42)      61.8   61.8
KFFBF68CA  15-06     2958(3188)  50(46)      69.9   58.6
OFFBF09CA  19-03     2818(3058)  47(43)      71.2   59.4
IFFBF58CA  13-05     3235(3435)  53(52)      65.8   60.5
IFFBF17CA  13-08     2747(2927)  45(44)      66.3   61.1
OFFBF08CA  19-09     3408(3858)  45(39)      99.1   75.5
KFFBF77CA  14-07     3684(3904)  47(45)      86.9   78.1
OFFBF58CA  19-04     3230(3600)  45(37)      96.3   71.7
PFFBF48CA  19-12     2911(3371)  41(36)      94.4   70.2
PFFBF38DA  20-01     2600(2800)  44(39)      71.2   59.4
OFFBF68CA  19-04     3488(3718)  48(43)      86.8   72.3
NFFBF28DA  17-12     2790(3050)  50(45)      67.6   55.7
OFFBF68CA  19-02     2480(2710)  44(40)      68.5   56.3
NFFBF78CA  18-03     2800(2800)  39(39)      71.2   71.2
KFFBF38CA  15-11     3776(3988)  50(46)      87.5   75.7
IFFBF28CA  13-01     2445(2758)  44(37)      75.3   55.9
OFFBF88CA  19-02     2378(2598)  42(38)      69.2   56.9
JFFBF28CA  14-10     3168(3388)  58(51)      65.9   54.6
LFFBF48CA  15-12     3562(3792)  48(43)      88.4   73.9
IFFBF48CA  13-01     2355(2500)  45(41)      61.7   51.9
IFFBF68CA  13-05     3479(3839)  50(49)      79.0   70.0
IFFBF78CA  13-05     3602(3782)  51(50)      75.2   70.0
JFFBF88CA  14-04     3200(3420)  52(48)      70.6   61.7
LFFBF87CA  16-02     4100(4550)  61(50)      91.2   67.6
JFFBF77CA  14-03     3100(3310)  49(46)      72.6   63.8
JFFBF87CA  14-11     3423(3800)  55(44)      86.0   62.0
PFFBF09EA  20-06     2170(2550)  41(36)      71.8   52.3
IFFBF28CA  13-05     3270(3610)  53(51)      70.6   61.5
MFFBF98CA  17-04     4015(4475)  53(44)      101.9  75.7
IFFBF58CA  13-01     2464(2644)  48(43)      61.5   51.7
IFFBF77CA  13-01     2389(2729)  45(38)      72.1   52.7
PFFBF48DA  20-10     2430(2430)  34(34)      70.8   70.8
JFFBF87CA  14-10     2880(3090)  53(47)      65.9   54.6
JFFBF68CA  14-04     3150(3350)  51(47)      71.0   62.1
IFFBF78CA  13-05     3913(4273)  56(53)      80.4   70.0
IFFBF78CA  13-05     2631(2961)  51(41)      71.5   52.0
IFFBF88CA  13-05     3240(3600)  53(50)      72.0   61.5
IFFBF97CA  13-01     2689(3079)  51(43)      71.8   52.3
JFFBF97CA  14-02     4245(4659)  57(48)      96.3   73.9
NFFBF66CA  18-03     2728(2958)  47(42)      70.2   57.9
OFFBF56DA  19-10     2260(2700)  39(35)      77.5   58.1
IFFBF78CA  13-01     2550(2950)  49(41)      71.6   52.1
IFFBF98CA  13-05     3223(3573)  52(50)      71.8   62.1
KFFBF38CA  15-04     3718(4138)  60(48)      86.1   62.1
IFFBF08CA  13-02     3192(3632)  48(42)      85.5   66.1
PFFBF56DA  20-06     2475(2920)  43(36)      81.6   57.1
IFFBF48CA  13-01     3155(3545)  48(41)      85.5   66.1
IFFBF58CA  13-01     3183(3503)  48(41)      86.0   66.6
IFFBF98CA  13-06     3602(3752)  46(43)      87.9   78.2
IFFBF98CA  13-05     3493(3853)  50(49)      79.0   70.0
KFFBF98CA  15-11     3525(3885)  49(40)      98.1   72.3
IFFBF88CA  13-01     2735(3120)  53(44)      71.5   52.0
IFFBF98CA  13-01     2515(2935)  48(41)      71.7   52.2
PFFBF58CA  19-10     2875(3315)  49(40)      82.8   58.2
LFFBF28CA  15-11     3066(3466)  45(41)      84.2   68.2
IFFBF58CA  13-01     3271(3691)  50(43)      85.2   65.7
IFFBF68CA  13-01     2560(2725)  48(43)      62.8   53.1
IFFBF98CA  13-01     2668(3068)  48(41)      75.4   56.0
JFFBF17CA  14-10     4040(4500)  51(44)      101.9  79.3
OFFBF08CA  19-05     2480(2480)  35(35)      71.4   71.4
LFFBF47DA  16-03     2900(3330)  52(42)      79.6   55.7
LFFBF47CA  16-09     2450(2450)  43(43)      57.2   57.2
OFFBF97CA  19-03     2600(2600)  38(38)      68.6   68.6
LFFBF97CA  16-04     2770(2935)  53(42)      69.6   51.9
MFFBF67CA  17-10     3088(3318)  44(43)      77.9   69.9
IFFBF57EA  12-09     3288(3468)  45(41)      84.9   72.6
MFFBF67CA  16-11     4200(4300)  54(48)      89.1   78.5
NFFBF28CA  18-03     2280(2280)  37(37)      62.4   62.4
OFFBF48CA  19-03     3140(3630)  43(37)      97.1   72.5
KFFBF18CA  15-05     3796(4158)  57(46)      90.3   66.4
MFFBF08CA  17-08     2645(2800)  51(40)      69.6   51.9
NFFBF09CA  18-06     2930(3160)  49(44)      72.6   60.3
IFFBF77CA  13-10     3327(3558)  58(52)      68.2   57.0
IFFBF08CA  13-03     3201(3521)  49(41)      85.2   65.8
LFFBF98CA  16-07     3850(4310)  51(42)      101.9  75.7
IFFBF47CA  13-04     2438(2778)  47(39)      71.2   51.7
IFFBF47CA  13-02     3323(3753)  52(45)      83.8   64.4
PFFBF48CA  20-04     2807(3107)  40(33)      94.4   70.2
LFFBF57CA  15-12     3120(3310)  46(43)      76.2   68.2
IFFBF28CA  13-05     3805(3985)  55(54)      73.9   69.4
IFFBF28CA  13-01     2870(3170)  51(42)      75.7   56.3
MFFBF87DA  17-01     2810(3030)  51(45)      67.2   55.3
IFFBF57CA  13-05     3163(3563)  52(50)      71.4   60.9
NFFBF87CA  18-03     3085(3485)  39(34)      101.9  79.3
KFFBF67CA  15-04     4025(4437)  61(49)      90.3   66.4
PFFBF18CA  19-10     2997(3467)  45(37)      94.7   65.9
NFFBF97CA  18-07     3400(3900)  51(43)      91.6   67.0
IFFBF28CA  13-05     3825(4175)  55(53)      79.1   69.4
JFFBF67CA  14-05     3468(3648)  48(43)      84.7   71.8
KFFBF08CA  15-11     3900(4280)  58(47)      90.9   67.3
PFFBF68CA  19-12     2188(2188)  38(38)      57.9   57.9
IFFBF08CA  13-01     2638(2953)  50(41)      72.3   52.8
JFFBF38CA  14-06     3978(4374)  54(45)      96.3   73.9
KFFBF18CA  15-11     3945(4175)  59(53)      79.1   67.3
IFFBF18CA  13-03     2479(2729)  48(38)      71.6   52.1
PFFBF98CA  20-03     2588(2788)  46(41)      68.0   55.8
IFFBF28CA  13-01     2590(2880)  50(40)      71.5   52.1
PFFBF86EA  20-06     2576(2576)  39(39)      66.0   66.0
IFFBF38CA  13-01     2678(3078)  48(41)      75.5   56.0
IFFBF67CA  13-05     3130(3320)  50(49)      67.3   62.1
IFFBF57CA  13-01     2852(3292)  48(42)      79.0   59.6
KFFBF77CA  15-03     3425(3839)  55(45)      86.2   62.2
MFFBF18CA  17-04     3500(3860)  47(39)      99.6   73.8
LFFBF28DA  16-04     3625(4075)  52(44)      92.9   69.1
NFFBF97CA  18-09     2853(3063)  36(34)      90.6   79.3
LFFBF97CA  16-03     4120(4580)  62(51)      90.5   66.8
NFFBF58CA  18-01     2451(2671)  47(41)      65.0   52.7
MFFBF78CA  17-06     4456(4916)  56(46)      106.0  79.9
IFFBF18CA  13-01     2507(2692)  48(44)      61.8   52.0
IFFBF18CA  13-03     3222(3682)  47(42)      87.6   68.1
OFFBF09CA  19-04     2360(2590)  42(37)      69.5   55.9
OFFBF66CA  19-04     2621(2841)  46(41)      69.0   56.7
LFFBF58CA  16-02     3708(4154)  55(46)      90.9   67.3
IFFBF38CA  13-01     2481(2901)  48(41)      71.2   51.8
IFFBF67CA  13-02     2510(2775)  48(39)      71.4   51.9
LFFBF38CA  16-07     3980(4200)  50(46)      90.6   79.3
IFFBF67CA  13-01     3000(3430)  51(44)      78.2   58.7
IFFBF08CA  13-08     3460(3460)  52(52)      66.8   66.8
KFFBF77CA  14-02     4089(4299)  51(49)      88.5   79.7
OFFBF48CA  19-04     3300(3720)  46(39)      96.3   71.7
PFFBF58CA  19-12     2675(3120)  48(39)      80.8   56.3
MFFBF18EA  17-08     2620(2620)  36(36)      73.8   73.8
NFFBF58CA  18-03     2296(2526)  40(37)      69.2   57.1
LFFBF38CA  16-02     4202(4630)  62(51)      91.1   67.4
IFFBF28CA  13-03     2600(2970)  50(41)      71.9   52.4
KFFBF68CA  15-05     3367(3803)  54(44)      86.0   62.0
PFFBF56CA  20-04     2488(2888)  45(36)      80.1   55.6
OFFBF88CA  19-01     2850(3080)  49(44)      70.2   57.9
IFFBF77CA  13-01     2656(2996)  51(42)      71.4   52.0
KFFBF87CA  14-06     4243(4463)  59(55)      81.3   72.5
OFFBF28CA  18-12     2573(2773)  45(40)      69.7   57.5
JFFBF87CA  14-11     3469(3672)  57(50)      72.9   61.0
OFFBF28CA  19-10     2510(2710)  45(40)      67.9   55.6
MFFBF58CA  17-06     2060(2060)  36(36)      57.1   57.1
PFFBF58CA  19-12     2911(3371)  41(36)      94.4   70.2
MFFBF78CA  17-06     2702(2892)  45(41)      71.0   60.0
PFFBF56DA  20-07     2551(2776)  46(41)      67.9   55.6
JFFBF18CA  14-11     4255(4490)  59(52)      87.1   72.6
NFFBF09CA  18-04     3532(3972)  52(44)      91.1   67.4
JFFBF38CA  14-02     4338(4780)  59(50)      96.3   73.9
NFFBF78CA  18-01     3680(3680)  46(46)      79.5   79.5
LFFBF58CA  16-01     4105(4325)  61(55)      78.7   66.8
OFFBF56CA  19-01     2333(2553)  41(37)      69.2   56.9
IFFBF78CA  13-05     3600(3960)  51(49)      80.4   70.0
OFFBF48CA  19-03     3340(3755)  49(41)      91.2   67.6
OFFBF97CA  19-06     3330(3570)  46(43)      84.0   71.7
IFFBF77CA  13-02     2866(3126)  48(39)      79.2   59.7
IFFBF87CA  13-11     3180(3180)  41(41)      78.0   78.0
OFFBF88CA  19-05     2435(2635)  43(38)      68.7   56.7
JFFBF87CA  14-10     4200(4600)  53(45)      101.9  79.3
KFFBF18CA  15-11     4024(4250)  60(54)      78.7   66.8
NFFBF78CA  18-05     3470(3930)  44(42)      94.0   78.0
PFFBF86DA  20-08     3465(4200)  52(38)      109.2  66.4
IFFBF78CA  13-06     2270(2435)  43(39)      62.6   52.8
KFFBF68CA  15-11     2712(2832)  45(44)      64.3   60.5
IFFBF78CA  13-05     3883(4053)  56(55)      73.9   69.4
JFFBF58CA  14-11     3612(4050)  58(47)      86.1   62.1
JFFBF48CA  14-10     2900(3300)  53(43)      77.2   54.6
IFFBF68CA  13-01     2590(2880)  50(41)      71.1   51.6
IFFBF97CA  13-01     2778(3198)  48(41)      77.6   58.2
OFFBF68CA  19-04     2880(3100)  47(42)      73.2   61.2
IFFBF87CA  13-02     2475(2825)  47(39)      72.1   52.7
MFFBF58CA  17-03     3595(4015)  45(39)      101.9  79.3
OFFBF88CA  19-03     2950(2950)  42(42)      71.0   71.0
IFFBF48CA  13-02     2728(3138)  49(42)      75.6   56.2
MFFBF76CA  17-05     2920(3300)  49(40)      81.7   59.8
IFFBF08CA  13-01     2505(2685)  48(43)      62.4   52.7
JFFBF48CA  14-05     4100(4310)  53(50)      86.8   77.9
PFFBF48CA  19-11     3576(4036)  48(41)      98.3   74.7
JFFBF08CA  14-02     3945(4155)  54(49)      84.0   72.8
OFFBF09DA  19-04     2610(2810)  44(40)      71.0   59.3
IFFBF58CA  13-01     3313(3713)  50(44)      85.2   65.8
JFFBF48CA  13-12     3063(3250)  55(49)      67.0   55.8
IFFBF88CA  13-01     2530(2930)  48(41)      72.1   52.6
IFFBF09CA  13-05     3180(3360)  51(50)      67.3   62.1
IFFBF98CA  13-01     2568(2908)  49(41)      71.7   52.2
IFFBF97CA  13-09     3487(3867)  53(50)      76.6   66.1
IFFBF68CA  13-01     3320(3660)  50(42)      86.4   67.0
OFFBF76CA  19-02     2650(2650)  38(38)      70.6   70.6
IFFBF09CA  13-05     3179(3529)  51(49)      71.8   62.1
IFFBF98CA  13-01     2650(3080)  51(43)      71.9   52.4
IFFBF09CA  13-01     2442(2802)  47(39)      71.7   52.2
LFFBF38CA  15-11     3100(3300)  45(43)      76.2   68.2
IFFBF68CA  13-01     3288(3708)  50(44)      85.2   65.8
IFFBF78CA  13-01     2562(2747)  48(44)      62.8   53.1
PFFBF27DA  20-06     2378(2593)  42(37)      69.4   57.1
JFFBF27CA  14-10     4238(4658)  53(46)      101.9  79.3
IFFBF47CA  13-01     3167(3547)  48(41)      85.5   66.1
IFFBF37CA  13-01     2445(2580)  48(43)      60.5   50.8
LFFBF57CA  16-09     2800(2800)  40(40)      70.8   70.8
NFFBF67CA  18-09     2470(2680)  43(38)      69.7   57.5
MFFBF28DA  17-07     3319(3789)  48(41)      91.8   69.6
IFFBF57CA  13-01     2425(2625)  47(43)      61.4   51.6
NFFBF58CA  18-05     2807(3270)  45(38)      85.6   61.7
IFFBF87CA  13-03     2657(2837)  47(43)      65.7   56.0
KFFBF77CA  14-12     3563(3947)  57(46)      86.1   62.1
LFFBF08CA  16-10     3200(3200)  45(45)      70.6   70.6
NFFBF18CA  18-08     3290(3770)  49(41)      91.6   67.0
LFFBF78CA  16-07     2730(2730)  36(36)      75.7   75.7
IFFBF18CA  13-03     2402(2777)  46(39)      71.3   51.9
IFFBF28CA  13-01     2524(2654)  49(43)      61.4   51.7
OFFBF18CA  19-08     3507(3982)  49(39)      101.4  72.2
OFFBF68CA  19-11     2978(3458)  42(37)      94.4   70.2
IFFBF57CA  13-01     3019(3339)  51(42)      79.2   59.7
IFFBF67CA  13-04     2478(2738)  47(38)      72.1   52.6
MFFBF08CA  17-04     3238(3468)  55(49)      71.1   59.3
PFFBF88CA  20-06     3111(3516)  46(38)      91.5   67.8
NFFBF68CA  18-04     3170(3380)  44(40)      84.0   71.7
OFFBF58CA  18-12     2320(2550)  42(37)      69.5   55.9
KFFBF87CA  15-07     3770(3980)  52(49)      81.3   72.5
KFFBF18CA  15-11     4612(5046)  62(51)      98.6   74.9
KFFBF08CA  14-12     3722(4168)  56(46)      89.9   65.9
IFFBF18CA  13-01     2541(2701)  48(43)      62.5   52.8
NFFBF28CA  18-08     2378(2593)  42(37)      69.4   57.1
NFFBF68CA  17-11     2786(3266)  46(38)      85.0   60.3
LFFBF38CA  16-09     2838(2838)  43(43)      65.8   65.8
LFFBF48CA  16-12     3572(3812)  48(43)      88.3   73.8
PFFBF09CA  20-04     2970(3200)  44(40)      79.7   67.8
KFFBF18CA  14-12     3531(3944)  57(46)      85.6   61.7
PFFBF09CA  20-04     3475(3700)  46(43)      86.7   74.9
IFFBF78EA  13-05     2361(2791)  45(39)      71.6   52.1
JFFBF38CA  14-11     3669(3877)  60(53)      73.1   61.1
IFFBF38CA  13-01     2492(2652)  48(43)      61.7   52.0
IFFBF67CA  13-01     3349(3769)  50(44)      86.4   66.9
LFFBF77CA  16-07     3250(3610)  50(45)      80.1   65.1
IFFBF77CA  13-05     3155(3335)  51(50)      66.6   62.1
KFFBF87CA  15-01     2718(2918)  50(44)      65.9   54.6
PFFBF18CA  19-12     4590(4820)  61(54)      88.8   75.7
LFFBF48CA  16-01     2686(2916)  52(42)      69.6   51.9
OFFBF08CA  19-10     2310(2510)  41(37)      68.5   56.3
LFFBF08CA  16-04     3552(4012)  48(39)      102.7  73.6
NFFBF48CA  18-04     2760(3200)  49(40)      80.8   56.3
NFFBF68CA  17-12     2600(3020)  47(38)      79.9   55.3
LFFBF38CA  16-03     3260(3710)  48(35)      106.1  67.4
KFFBF28CA  15-11     4013(4475)  59(49)      91.2   67.6
LFFBF38CA  16-11     4320(4560)  54(49)      92.9   79.9
MFFBF68CA  17-04     3350(3865)  46(38)      101.6  72.5
IFFBF28CA  13-03     3205(3515)  48(41)      86.0   66.6
NFFBF66CA  18-06     4500(5000)  56(47)      106.0  79.9
PFFBF56CA  20-05     2505(2720)  45(40)      67.9   55.6
OFFBF76CA  19-07     3320(3780)  46(39)      97.1   72.5
OFFBF78CA  19-09     3218(3688)  44(38)      97.1   72.5
KFFBF98CA  15-08     3487(3710)  57(51)      73.1   61.1
IFFBF08CA  13-07     2528(2708)  45(41)      65.9   56.2
MFFBF58CA  17-07     4200(4660)  55(46)      101.9  75.7
NFFBF28DA  18-02     2400(2630)  40(37)      71.2   59.4
NFFBF38CA  18-04     2518(2738)  48(42)      65.0   52.7
NFFBF08CA  18-08     2541(2776)  44(40)      69.7   57.5
OFFBF18CA  19-10     2398(2588)  42(37)      69.4   57.1
KFFBF87CA  14-03     3568(3788)  58(54)      70.6   61.7
OFFBF78CA  19-06     3181(3661)  49(41)      89.1   64.5
OFFBF58CA  19-04     3052(3472)  47(39)      89.1   64.5
PFFBF68CA  20-03     2655(2875)  40(37)      78.0   65.9
KFFBF08CA  15-11     4664(5120)  62(52)      99.3   75.7
NFFBF78EA  18-03     2868(3278)  50(40)      81.7   57.7
PFFBF66DA  20-08     3445(3660)  46(42)      87.5   75.7
PFFBF68CA  19-12     3148(3363)  47(42)      79.3   67.5
NFFBF68CA  18-03     2898(3138)  41(38)      82.3   70.2
NFFBF38CA  17-11     2600(2600)  37(37)      71.0   71.0
LFFBF48CA  16-03     3706(4106)  49(41)      99.3   75.7
IFFBF28CA  13-03     2592(2717)  50(44)      61.8   52.0
LFFBF48CA  16-02     4252(4690)  63(51)      91.1   67.4
IFFBF38CA  13-03     2543(2678)  48(43)      62.4   52.7
PFFBF66CA  20-05     3110(3325)  46(42)      79.7   67.8
PFFBF78CA  19-11     2950(3170)  53(43)      73.2   55.6
IFFBF78CA  13-05     3133(3313)  51(50)      66.1   60.9
IFFBF87CA  13-02     2776(3136)  55(45)      69.7   50.3
JFFBF18CA  14-05     4158(4572)  56(47)      96.3   73.9
OFFBF97CA  19-07     3400(3830)  53(43)      89.1   64.5
IFFBF77CA  13-02     2694(3094)  48(41)      75.6   56.2
LFFBF97CA  16-09     2630(2630)  36(36)      72.1   72.1
LFFBF87CA  15-12     4445(4883)  59(49)      99.3   75.7
LFFBF58CA  16-07     3780(3986)  57(51)      78.7   66.8
OFFBF78CA  19-05     2428(2628)  43(38)      69.2   56.9
OFFBF48CA  18-11     2300(2530)  41(36)      69.5   55.9
OFFBF98CA  19-06     3170(3370)  45(36)      92.4   71.2
MFFBF09CA  17-08     2900(3300)  41(38)      85.9   69.9
JFFBF28CA  14-11     4186(4431)  58(51)      87.3   72.8
PFFBF88CA  19-12     2610(2850)  40(37)      78.0   65.9
IFFBF48CA  13-03     3023(3258)  52(48)      68.1   58.4
JFFBF48CA  14-10     4000(4400)  50(43)      101.9  79.3
OFFBF98CA  19-08     2430(2610)  43(38)      68.4   56.0
IFFBF88CA  13-05     3228(3408)  53(52)      65.8   60.5
OFFBF88CA  19-07     2544(2756)  46(41)      68.0   55.8
IFFBF97CA  13-01     2698(3118)  46(40)      78.0   58.5
IFFBF87CA  13-02     2840(3160)  48(40)      79.0   59.6
OFFBF68CA  19-06     3282(3742)  42(40)      94.0   78.0
OFFBF48CA  19-02     2425(2888)  44(36)      80.1   55.6
MFFBF68CA  17-04     2970(3200)  50(45)      71.1   59.3
OFFBF98CA  19-06     2541(2766)  46(41)      68.0   55.8
PFFBF66CA  20-05     1835(1835)  35(35)      52.5   52.5
JFFBF58CA  14-10     2785(3225)  51(42)      77.2   54.6
IFFBF78CA  13-01     2511(2941)  49(41)      71.0   51.6
PFFBF57EA  20-08     2300(2700)  41(36)      75.9   56.5
MFFBF97CA  16-07     4450(4930)  56(47)      106.0  79.9
NFFBF48CA  17-10     2530(2740)  46(41)      67.1   54.8
IFFBF08CA  13-01     2660(3020)  47(40)      76.0   56.5
OFFBF68CA  19-07     3250(3350)  45(41)      82.6   72.0
IFFBF98CA  13-06     2453(2673)  44(41)      65.6   55.9
IFFBF88CA  13-01     2558(2793)  49(45)      62.0   52.3
IFFBF09CA  13-05     3250(3430)  53(52)      66.1   60.9
KFFBF48CA  15-04     3524(3925)  57(46)      86.2   62.2
IFFBF18CA  13-01     2419(2569)  46(42)      61.8   52.1
OFFBF88CA  19-04     2526(2756)  45(40)      68.5   56.3
OFFBF48CA  19-09     2730(2730)  41(41)      67.0   67.0
PFFBF88CA  20-03     3264(3724)  42(40)      94.0   78.0
IFFBF68CA  13-01     3400(3885)  51(40)      96.5   67.3
IFFBF56CA  13-05     3113(3293)  51(50)      66.0   61.5
IFFBF09CA  13-01     2412(2812)  46(39)      71.6   52.2
PFFBF68CA  19-10     3000(3380)  42(35)      96.2   71.6
IFFBF78CA  13-01     3333(3528)  50(46)      76.7   67.0
IFFBF56CA  13-05     3140(3490)  52(50)      70.3   60.5
IFFBF09CA  13-01     2840(3270)  54(45)      71.9   52.4
IFFBF56CA  13-01     2521(2871)  48(40)      71.7   52.2
IFFBF38CA  13-05     2450(2870)  47(40)      71.2   51.8
PFFBF78CA  19-10     3560(4320)  46(34)      125.8  76.6
NFFBF58CA  17-11     3800(4000)  54(44)      91.3   70.1
PFFBF09DA  20-01     2750(2950)  46(41)      71.2   59.4
LFFBF48CA  15-11     3460(3645)  44(42)      86.0   78.0
IFFBF88CA  13-01     2846(3031)  53(48)      63.2   53.5
OFFBF97CA  19-02     2980(2980)  42(42)      71.0   71.0
JFFBF37CA  14-10     2920(3360)  53(44)      77.2   54.6
IFFBF57CA  13-01     2506(2776)  48(39)      71.7   52.2
IFFBF47CA  13-02     2935(3365)  52(44)      76.0   56.6
PFFBF09DA  20-06     2501(2716)  43(39)      69.7   57.5
PFFBF09CA  20-05     2620(3050)  47(38)      80.2   55.7
MFFBF28CA  17-08     3950(4150)  51(42)      99.2   78.0
MFFBF56DA  17-07     2860(3100)  52(46)      67.2   55.3
JFFBF97CA  14-08     2600(2600)  51(51)      50.8   50.8
IFFBF97CA  13-10     3221(3459)  58(52)      67.0   55.8
IFFBF38CA  13-01     2768(2953)  53(48)      61.9   52.1
JFFBF67CA  13-11     3312(3510)  58(51)      68.2   57.0
LFFBF77CA  15-12     4245(4610)  54(49)      94.3   78.3
NFFBF48CA  17-12     2758(2988)  42(38)      78.0   65.9
PFFBF66DA  20-05     2415(2620)  43(38)      68.5   56.3
IFFBF48CA  13-01     2686(3086)  48(41)      75.3   55.9
OFFBF18CA  19-01     2305(2535)  41(36)      69.5   55.9
IFFBF67CA  13-01     2505(2925)  48(41)      71.7   52.2
IFFBF08CA  13-08     3438(3438)  52(52)      66.0   66.0
IFFBF77CA  13-04     2683(3073)  48(41)      75.6   56.2
MFFBF18CA  17-04     3320(3550)  56(50)      71.1   59.3
IFFBF57CA  13-08     3143(3343)  51(50)      67.4   62.1
