ID         交易年月  總價(含車)    單價(含車)  權狀   建坪 
---------  --------  ------------  ----------  -----  -----
KFFBF67CA  15-10     5290(5950)    48(44)      136.3  109.8
PFFBF98DA  20-06     6763(7658)    53(44)      172.5  127.1
KFFBF87CA  14-12     3707(3707)    39(39)      96.0   96.0 
JFFBF37CA  14-12     3446(3446)    35(35)      97.8   97.8 
PFFBF08CA  20-02     8467(9622)    60(49)      197.8  141.1
NFFBF87CA  17-11     3100(3100)    38(38)      81.7   81.7 
PFFBF38CA  20-03     8459(9434)    60(51)      186.3  141.0
MFFBF08CA  17-10     3375(3375)    36(36)      93.4   93.4 
KFFBF67CA  14-12     3679(3679)    38(38)      97.8   97.8 
NFFBF18CA  18-09     3600(3600)    41(41)      88.5   88.5 
PFFBF87CA  20-01     3150(3150)    36(36)      86.4   86.4 
OFFBF28CA  19-03     3801(4051)    46(42)      97.0   82.4 
OFFBF38CA  19-03     3766(4256)    46(38)      111.7  82.6 
JFFBF97CA  14-11     4560(4805)    54(49)      98.7   84.2 
KFFBF08CA  14-12     4264(4264)    43(43)      99.1   99.1 
KFFBF67CA  14-06     3824(4234)    44(40)      105.0  87.3 
OFFBF58CA  19-03     3778(3998)    45(41)      98.4   83.8 
KFFBF57CA  15-09     4734(5164)    50(46)      112.4  94.7 
KFFBF77CA  14-10     4228(4438)    53(50)      89.3   80.5 
JFFBF18CA  13-12     5885(6380)    37(35)      181.1  158.8
PFFBF56CA  20-01     7756(8600)    55(46)      186.3  141.0
KFFBF48CA  14-12     4039(4039)    41(41)      98.2   98.2 
IFFBF88CA  13-05     4929(5479)    52(50)      109.0  94.8 
MFFBF97CA  17-05     10000(10000)  54(54)      186.0  186.0
LFFBF67CA  16-03     5252(5752)    56(45)      129.2  93.8 
KFFBF47CA  15-06     4678(4678)    57(57)      82.6   82.6 
KFFBF67CA  14-12     6600(7290)    60(50)      146.4  109.6
KFFBF77CA  15-07     6090(6780)    46(42)      160.1  133.6
PFFBF68CA  20-06     7488(8168)    59(51)      160.2  126.2
MFFBF68CA  17-09     4004(4509)    48(40)      112.1  83.0 
JFFBF67CA  13-11     5923(6418)    37(35)      181.0  158.7
IFFBF38CA  13-05     5120(5310)    54(53)      100.0  94.8 
OFFBF09CA  19-07     3180(3180)    38(38)      84.2   84.2 
LFFBF57CA  16-01     5716(6150)    63(54)      114.2  90.5 
NFFBF28CA  18-03     4938(5400)    54(47)      114.7  91.0 
KFFBF67CA  14-02     4314(4524)    49(47)      96.1   87.3 
KFFBF18CA  14-12     3454(3454)    36(36)      97.0   97.0 
IFFBF87CA  13-05     4717(5077)    50(48)      105.3  94.9 
NFFBF28CA  17-03     3888(3888)    42(42)      93.2   93.2 
KFFBF87CA  14-11     3895(4095)    45(43)      96.1   87.3 
PFFBF28CA  19-11     3150(3150)    36(36)      88.5   88.5 
JFFBF08CA  14-11     4810(5310)    58(47)      112.7  83.6 
JFFBF97CA  14-10     4964(5439)    59(48)      112.7  83.6 
IFFBF58CA  13-05     5200(5580)    55(53)      105.2  94.8 
JFFBF18CA  13-12     5758(6358)    36(35)      181.0  158.7
IFFBF68CA  13-05     4935(5295)    53(52)      102.6  93.6 
JFFBF18CA  14-05     5568(5940)    56(48)      124.3  99.8 
OFFBF48CA  19-10     5764(5979)    53(50)      120.7  108.9
IFFBF77CA  13-08     5428(5788)    57(55)      105.2  94.8 
PFFBF96DA  20-06     5158(5158)    45(45)      115.7  115.7
KFFBF58CA  14-12     4130(4130)    43(43)      95.5   95.5 
JFFBF77CA  13-12     7192(7900)    59(51)      155.9  122.3
IFFBF98CA  13-05     4890(5260)    52(50)      104.5  94.8 
KFFBF97CA  15-07     5200(5200)    49(49)      105.2  105.2
JFFBF87CA  13-12     6470(7130)    59(49)      146.6  109.9
IFFBF28CA  13-05     4800(5180)    55(53)      98.2   87.7 
IFFBF97CA  13-10     5160(5550)    54(53)      104.5  94.8 
LFFBF37CA  16-09     3300(3300)    39(39)      85.2   85.2 
JFFBF47CA  14-12     4116(4116)    42(42)      98.4   98.4 
OFFBF88CA  19-08     3000(3000)    37(37)      82.0   82.0 
MFFBF78CA  17-05     5050(5050)    41(41)      124.3  124.3
KFFBF08CA  14-12     3782(3782)    38(38)      98.4   98.4 
NFFBF18CA  18-04     3790(4250)    46(38)      112.3  83.1 
KFFBF47CA  14-12     3735(3735)    46(46)      82.0   82.0 
OFFBF58CA  19-05     4880(4880)    43(43)      112.4  112.4
KFFBF77CA  14-12     3927(4357)    45(41)      105.0  87.3 
KFFBF18CA  15-01     3730(4180)    42(39)      107.5  89.8 
MFFBF58CA  17-05     3358(3358)    41(41)      82.0   82.0 
JFFBF58DA  14-03     5573(6313)    35(33)      188.5  158.7
IFFBF77CA  13-09     5487(5847)    58(56)      105.2  94.8 
KFFBF87CA  14-12     3486(3486)    36(36)      96.0   96.0 
KFFBF28CA  15-09     3750(3750)    40(40)      94.4   94.4 
IFFBF18CA  13-07     4967(5327)    52(51)      103.8  94.8 
OFFBF08CA  19-06     7866(8658)    62(54)      160.2  126.2
NFFBF56CA  18-08     3614(4104)    44(37)      111.3  82.2 
JFFBF08CA  14-04     5553(6273)    35(33)      188.5  158.7
NFFBF88CA  18-07     7561(8269)    60(52)      160.0  126.0
JFFBF87CA  14-07     4079(4079)    47(47)      87.3   87.3 
IFFBF68CA  13-05     5400(5800)    57(54)      106.5  94.8 
JFFBF28CA  13-12     5973(6528)    38(36)      181.0  158.7
JFFBF38CA  13-12     5863(6523)    37(35)      188.5  158.8
JFFBF48CA  13-12     7154(7823)    61(52)      151.4  117.8
IFFBF09CA  13-05     5000(5530)    53(51)      108.6  93.6 
MFFBF97DA  17-04     3760(3760)    40(40)      93.5   93.5 
LFFBF77CA  16-02     5597(5997)    48(43)      140.4  117.8
OFFBF97CA  19-11     3688(3688)    38(38)      95.8   95.8 
LFFBF37CA  16-10     3840(4310)    46(38)      112.9  83.8 
LFFBF67CA  16-10     5065(5065)    48(48)      105.0  105.0
NFFBF67CA  18-05     4650(5050)    50(43)      118.1  93.6 
PFFBF48CA  20-01     7632(8500)    61(50)      171.3  126.0
PFFBF98DA  20-03     3970(4205)    48(43)      96.8   82.2 
OFFBF68CA  19-08     7828(8628)    62(50)      171.3  126.0
LFFBF18CA  16-06     3400(3400)    36(36)      93.4   93.4 
NFFBF98CA  18-06     4680(5280)    51(41)      127.9  91.2 
PFFBF38CA  20-02     6918(7888)    55(46)      171.3  126.0
KFFBF57CA  14-12     4230(4230)    44(44)      96.0   96.0 
KFFBF77CA  13-12     4041(4461)    46(42)      105.0  87.3 
KFFBF58CA  15-04     6392(7045)    59(48)      145.7  108.9
PFFBF68DA  19-12     3900(4120)    48(44)      93.1   80.9 
KFFBF28CA  15-06     4339(4864)    52(43)      112.7  83.6 
MFFBF58CA  17-06     7000(7000)    40(40)      175.2  175.2
KFFBF97CA  14-12     3537(3537)    37(37)      96.9   96.9 
PFFBF38DA  20-09     7681(8377)    54(48)      175.0  141.0
KFFBF97CA  14-06     6732(7402)    51(47)      158.5  132.0
OFFBF18CA  19-06     7860(8532)    62(53)      160.0  126.0
OFFBF38CA  19-01     3358(3618)    40(35)      103.7  84.3 
JFFBF97CA  13-11     6640(7308)    60(50)      146.6  109.9
PFFBF07DA  20-08     5918(5918)    40(40)      146.4  146.4
IFFBF09CA  13-09     5888(6244)    59(50)      124.0  99.5 
JFFBF08CA  13-12     5611(5962)    62(52)      115.7  91.2 
JFFBF88CA  14-06     5676(6163)    62(53)      115.7  91.2 
KFFBF58CA  15-09     4250(4680)    45(42)      112.1  94.5 
JFFBF48CA  13-12     5993(6488)    38(36)      181.0  158.7
PFFBF78CA  19-10     8088(8888)    57(48)      186.4  141.1
MFFBF76CA  17-07     4008(4523)    49(41)      111.3  82.2 
IFFBF88CA  13-10     4487(5057)    48(47)      107.1  93.6 
LFFBF67CA  15-11     8026(8686)    53(49)      178.0  151.5
JFFBF18CA  14-08     6630(7300)    60(46)      158.8  109.8
JFFBF77CA  13-12     6765(7458)    62(51)      146.4  109.7
JFFBF58CA  14-08     5392(5732)    59(50)      115.7  91.2 
KFFBF28CA  15-06     7540(8200)    51(47)      175.2  148.7
MFFBF98CA  17-09     4004(4509)    48(40)      112.1  83.0 
KFFBF87CA  13-12     4500(4910)    52(47)      104.9  87.3 
IFFBF38CA  13-03     3897(4317)    48(43)      100.6  81.1 
NFFBF68CA  18-06     4570(4970)    46(40)      124.1  99.6 
PFFBF88DA  20-02     7838(8260)    56(50)      163.6  141.0
KFFBF97CA  14-04     4545(4765)    51(49)      98.2   89.3 
KFFBF08CA  14-12     3546(3546)    37(37)      95.7   95.7 
JFFBF38CA  14-10     4510(4750)    55(49)      96.8   82.3 
JFFBF88DA  14-03     5693(6188)    36(34)      181.0  158.7
KFFBF18CA  15-09     4250(4680)    45(42)      112.1  94.5 
PFFBF66DA  20-05     3486(3486)    42(42)      84.0   84.0 
IFFBF58CA  13-05     4860(5220)    51(50)      105.2  94.8 
OFFBF76CA  19-04     3845(4075)    46(42)      98.1   83.6 
JFFBF48CA  13-12     5793(6258)    37(35)      181.0  158.7
PFFBF17DA  20-06     8538(9473)    61(51)      186.3  141.0
KFFBF28CA  15-07     6527(7127)    51(46)      155.1  128.6
JFFBF88CA  14-07     5833(6328)    37(35)      181.1  158.8
IFFBF66CA  13-05     4800(5160)    53(51)      101.3  90.8 
LFFBF77CA  15-12     7260(7950)    55(50)      158.5  132.0
JFFBF97CA  13-11     5733(6228)    36(34)      181.1  158.8
KFFBF28CA  14-12     3630(3630)    37(37)      97.4   97.4 
IFFBF77CA  13-02     5267(5857)    51(44)      132.9  103.7
IFFBF58CA  13-06     5338(5698)    57(55)      104.1  93.6 
IFFBF87CA  13-05     4328(4838)    46(45)      107.7  94.1 
OFFBF58CA  19-04     3600(3600)    42(42)      85.2   85.2 
LFFBF18CA  16-03     3500(3500)    43(43)      81.9   81.9 
IFFBF48CA  13-07     3766(3766)    44(44)      85.5   85.5 
KFFBF08CA  15-06     6136(6796)    58(51)      133.2  106.7
PFFBF76DA  20-04     8880(9795)    63(53)      186.3  141.0
LFFBF38CA  16-08     3100(3100)    38(38)      81.2   81.2 
MFFBF48CA  17-08     3952(4472)    48(40)      111.5  82.4 
JFFBF38CA  13-12     5983(6538)    38(36)      181.1  158.8
MFFBF08CA  17-01     7917(7917)    43(43)      186.0  186.0
KFFBF97CA  13-12     4084(4294)    47(45)      96.1   87.3 
KFFBF08CA  14-12     3840(3840)    39(39)      99.1   99.1 
LFFBF48CA  15-11     7789(8449)    52(48)      176.3  149.8
JFFBF67CA  14-10     6748(7296)    61(50)      146.6  109.9
JFFBF28CA  14-03     6750(7264)    61(50)      146.6  109.9
LFFBF58CA  15-12     8175(8805)    55(50)      175.2  148.7
IFFBF08CA  13-02     3862(4292)    48(43)      99.9   80.4 
PFFBF68CA  19-10     8673(9573)    61(51)      186.4  141.1
PFFBF66CA  20-02     3000(3000)    35(35)      85.0   85.0 
OFFBF86CA  19-05     3628(3868)    44(40)      97.2   82.7 
PFFBF96CA  20-02     5800(5800)    42(42)      138.8  138.8
JFFBF58CA  13-12     6163(6748)    39(37)      181.1  158.8
JFFBF38CA  14-12     4707(5187)    57(46)      111.8  82.7 
KFFBF58CA  14-12     3415(3415)    36(36)      96.0   96.0 
KFFBF78EA  14-12     3500(3500)    39(39)      89.6   89.6 
PFFBF27DA  20-05     8773(9968)    62(50)      197.8  141.1
NFFBF17CA  17-11     4769(5499)    52(43)      127.7  90.9 
IFFBF76CA  13-05     4880(5250)    51(50)      104.5  94.8 
JFFBF28CA  13-12     6691(7420)    61(51)      146.6  109.9
KFFBF38CA  14-12     3379(3379)    40(40)      83.5   83.5 
JFFBF87CA  14-12     4309(4309)    43(43)      99.1   99.1 
PFFBF38CA  20-02     5520(6420)    56(39)      164.1  98.4 
MFFBF97CA  16-11     3370(3370)    39(39)      86.4   86.4 
IFFBF48CA  13-11     4520(4880)    48(48)      102.7  93.7 
LFFBF88CA  16-12     3875(4360)    46(39)      112.9  83.8 
IFFBF98CA  13-05     5220(5600)    56(55)      102.6  93.6 
OFFBF38CA  18-12     7013(7888)    56(46)      171.3  126.0
JFFBF97CA  14-12     3784(3784)    40(40)      95.0   95.0 
KFFBF18CA  14-12     6034(6034)    47(47)      127.4  127.4
JFFBF97CA  13-09     7277(8000)    62(53)      151.4  117.8
KFFBF18CA  14-04     4000(4200)    50(47)      89.0   80.2 
KFFBF38CA  15-02     5502(5970)    60(52)      115.7  91.2 
KFFBF78CA  15-02     6320(7228)    58(46)      157.7  108.7
IFFBF68CA  13-03     4293(4693)    49(44)      107.0  87.6 
JFFBF77CA  13-11     6710(7100)    62(53)      133.4  108.9
OFFBF66DA  19-06     4630(5200)    45(37)      139.0  102.2
KFFBF28CA  14-07     6638(7328)    62(55)      133.2  106.7
PFFBF09CA  19-11     3770(4000)    46(41)      97.2   82.6 
JFFBF09DA  14-03     6273(6888)    40(38)      181.0  158.7
NFFBF17CA  18-06     3900(3900)    37(37)      104.5  104.5
PFFBF47EA  20-05     3260(3260)    35(35)      93.2   93.2 
PFFBF96DA  20-07     4400(4400)    43(43)      101.9  101.9
JFFBF68CA  14-07     4700(5150)    50(46)      111.3  93.6 
IFFBF76CA  13-05     5491(6001)    59(55)      109.3  93.6 
IFFBF98CA  13-10     8811(9491)    59(52)      183.6  148.3
JFFBF56CA  13-12     5553(6108)    35(34)      181.0  158.7
NFFBF48CA  18-05     3550(3550)    36(36)      98.4   98.4 
KFFBF48CA  15-03     4780(5200)    51(46)      112.1  94.5 
PFFBF09DA  20-11     8860(9400)    55(47)      198.5  161.8
JFFBF18CA  13-11     5645(6200)    36(34)      181.1  158.8
JFFBF56CA  14-08     6820(7550)    58(50)      151.4  117.8
KFFBF98CA  15-04     3968(3968)    47(47)      85.2   85.2 
KFFBF97CA  14-12     3976(3976)    40(40)      98.2   98.2 
MFFBF48CA  17-03     5510(6410)    56(39)      164.1  98.4 
LFFBF08CA  15-09     4250(4680)    45(42)      112.1  94.5 
LFFBF58CA  16-05     3872(4102)    47(42)      97.2   82.7 
MFFBF28CA  17-01     5183(5183)    39(39)      131.3  131.3
KFFBF78CA  15-08     6443(7058)    41(39)      181.0  158.7
JFFBF88CA  14-03     6868(7566)    63(52)      146.4  109.7
JFFBF78CA  14-06     6791(7400)    62(51)      146.4  109.6
LFFBF78CA  16-01     7069(7959)    55(49)      163.9  128.6
OFFBF78CA  19-08     3644(3904)    44(40)      97.2   82.6 
IFFBF78CA  13-07     4540(4880)    49(48)      101.5  92.4 
PFFBF17DA  20-06     3168(3168)    38(38)      83.3   83.3 
OFFBF56CA  19-02     7884(8580)    62(54)      160.2  126.2
NFFBF76DA  18-04     3470(3470)    37(37)      93.2   93.2 
IFFBF38CA  13-09     4930(5150)    53(51)      100.2  93.7 
IFFBF96CA  13-01     4510(4830)    47(42)      116.0  96.6 
PFFBF27EA  20-07     3614(3834)    43(39)      97.9   83.4 
KFFBF58CA  14-12     3635(3635)    37(37)      97.4   97.4 
IFFBF28CA  13-05     5140(5570)    55(53)      105.4  93.6 
PFFBF66DA  20-06     8695(9623)    62(52)      186.4  141.1
KFFBF68CA  15-03     3150(3150)    39(39)      81.7   81.7 
KFFBF38CA  14-12     3607(3607)    37(37)      96.9   96.9 
MFFBF18CA  17-08     5100(5100)    58(58)      87.3   87.3 
LFFBF88CA  16-04     3970(4230)    48(44)      97.2   82.6 
LFFBF66CA  16-06     3792(3792)    40(40)      94.4   94.4 
PFFBF47DA  20-07     7761(8466)    55(48)      175.1  141.1
NFFBF07CA  18-02     4780(5410)    47(39)      137.8  101.1
IFFBF66CA  13-05     4995(5355)    53(52)      103.8  94.8 
IFFBF87CA  13-08     5110(5500)    55(53)      103.3  93.6 
KFFBF48CA  14-06     4790(5000)    56(53)      94.1   85.3 
IFFBF38CA  13-11     4672(5062)    50(49)      103.3  93.6 
LFFBF86CA  16-06     4500(4500)    40(40)      112.1  112.1
IFFBF56CA  13-05     5282(5662)    56(54)      104.1  93.6 
NFFBF96CA  18-07     7756(8440)    61(53)      160.2  126.2
IFFBF76CA  13-05     5290(5700)    56(54)      105.8  94.8 
IFFBF76CA  13-03     4060(4680)    49(42)      112.4  83.2 
MFFBF88CA  17-10     3000(3000)    37(37)      81.9   81.9 
IFFBF07CA  13-05     5140(5860)    55(51)      114.5  93.6 
MFFBF48CA  17-01     5100(5100)    58(58)      87.3   87.3 
KFFBF48CA  15-03     5142(5572)    54(50)      112.1  94.5 
OFFBF56CA  19-05     3000(3000)    37(37)      81.7   81.7 
PFFBF09CA  20-01     6701(7331)    53(46)      160.0  126.0
KFFBF48CA  15-01     3657(3657)    37(37)      98.4   98.4 
JFFBF38CA  13-11     5758(6358)    36(35)      181.1  158.8
IFFBF09CA  13-05     4830(5190)    52(50)      103.3  93.6 
OFFBF58CA  18-12     6793(7483)    54(47)      160.0  126.0
LFFBF48CA  16-03     3450(3450)    41(41)      84.1   84.1 
OFFBF76DA  19-07     3188(3188)    39(39)      81.7   81.7 
KFFBF48CA  14-12     3567(3567)    37(37)      95.5   95.5 
KFFBF38CA  13-12     4102(4312)    47(45)      96.1   87.3 
OFFBF09CA  19-03     3786(4036)    46(42)      97.2   82.6 
LFFBF88CA  15-11     6913(7593)    54(49)      154.6  128.1
OFFBF68CA  19-04     8498(9378)    60(50)      186.3  141.0
OFFBF88CA  19-10     3875(4325)    46(38)      112.7  83.6 
OFFBF56CA  18-11     8600(9600)    61(52)      186.3  140.9
LFFBF68CA  15-10     7875(8565)    52(48)      178.0  151.5
PFFBF09CA  19-09     7629(8325)    60(52)      160.2  126.2
JFFBF68CA  14-11     5088(5586)    56(44)      127.5  90.7 
OFFBF27CA  19-06     4165(4665)    46(44)      107.0  91.0 
JFFBF98CA  13-12     5945(6470)    37(36)      181.1  158.8
IFFBF97CA  13-05     4721(5081)    50(48)      105.2  94.8 
IFFBF78CA  13-05     4685(4885)    51(51)      96.7   91.5 
LFFBF87CA  16-02     5513(5913)    50(44)      132.9  110.3
IFFBF67CA  13-08     5545(5935)    59(57)      103.3  93.6 
PFFBF37EA  20-07     3863(4303)    46(38)      112.5  83.4 
