ID         交易年月  總價(含車)  單價(含車)  權狀   建坪
---------  --------  ----------  ----------  -----  ----
MFFBF17CA  16-12     3198(3618)  48(40)      91.4   66.8
PFFBF38DA  20-08     2729(3242)  44(33)      99.5   62.1
JFFBF18CA  14-02     2560(2910)  48(38)      77.2   53.8
MFFBF37CA  17-09     3300(3705)  44(39)      94.7   75.6
JFFBF47CA  14-05     2345(2545)  46(43)      59.5   50.5
LFFBF77CA  16-05     2833(2833)  42(42)      66.9   66.9
JFFBF37CA  14-02     2300(2530)  44(42)      60.8   52.4
LFFBF87CA  16-04     2342(2527)  40(39)      65.6   58.0
NFFBF67DA  17-12     2300(2500)  34(32)      77.8   66.7
KFFBF37CA  15-02     2660(2660)  38(38)      70.7   70.7
LFFBF57CA  16-10     2665(2665)  43(43)      62.4   62.4
PFFBF58DA  20-05     2600(2600)  34(34)      75.5   75.5
MFFBF28CA  17-07     2720(3160)  40(38)      83.6   68.5
HFFBF17CA  12-10     3077(3077)  48(48)      64.4   64.4
JFFBF87CA  14-06     3283(3463)  45(41)      85.4   72.9
HFFBF27CA  12-10     3060(3220)  48(42)      76.3   64.4
MFFBF87CA  17-01     3158(3378)  51(47)      71.9   61.9
OFFBF58CA  19-03     2310(2435)  42(37)      65.9   55.6
LFFBF57CA  16-08     2300(2300)  33(33)      68.8   68.8
HFFBF27CA  12-10     2100(2480)  41(36)      69.0   51.6
IFFBF47CA  13-01     2275(2400)  43(35)      68.2   52.9
JFFBF77CA  14-04     3037(3237)  51(45)      71.5   59.1
HFFBF37CA  12-11     2973(3223)  46(37)      87.1   65.3
OFFBF68CA  19-06     2770(3090)  44(36)      85.0   62.8
JFFBF47CA  13-11     2899(3129)  46(45)      70.1   62.6
IFFBF47CA  13-01     2618(2618)  33(33)      78.8   78.8
NFFBF58CA  18-03     3051(3211)  41(38)      84.5   74.6
HFFBF18CA  12-08     2198(2198)  36(36)      61.6   61.6
KFFBF97CA  15-10     3403(3608)  46(40)      89.1   74.7
LFFBF28CA  16-04     3558(3558)  50(50)      70.5   70.5
IFFBF77CA  13-10     2725(2935)  44(42)      70.1   62.6
HFFBF67CA  12-11     2510(2830)  41(34)      83.6   61.9
JFFBF77DA  14-03     3488(3848)  48(39)      97.5   73.3
JFFBF57CA  13-07     2470(2470)  40(40)      61.6   61.6
IFFBF18CA  13-04     2150(2150)  40(40)      54.0   54.0
IFFBF86CA  12-10     2623(2793)  41(36)      76.6   64.0
JFFBF77CA  14-07     2420(2420)  41(41)      59.0   59.0
HFFBF07CA  12-11     1990(2150)  39(36)      60.3   51.6
OFFBF97CA  19-03     2780(2980)  46(41)      73.0   60.7
KFFBF67CA  15-05     2621(2776)  44(42)      66.8   59.2
PFFBF48DA  20-06     2525(2690)  40(37)      72.8   62.5
IFFBF17CA  13-10     2450(2450)  38(38)      63.9   63.9
OFFBF38DA  19-05     2870(3250)  39(33)      97.8   73.7
LFFBF18CA  16-06     2150(2150)  35(35)      60.8   60.8
OFFBF87CA  19-09     2385(2518)  43(38)      65.9   55.6
MFFBF77CA  17-02     1768(1768)  35(35)      50.4   50.4
IFFBF47CA  13-11     2880(2880)  41(41)      70.2   70.2
HFFBF27CA  12-11     2190(2350)  40(37)      63.7   55.0
JFFBF47CA  14-11     2300(2300)  40(40)      57.4   57.4
LFFBF18CA  16-06     1630(1630)  32(32)      50.4   50.4
LFFBF48DA  16-06     2660(2660)  34(34)      79.2   79.2
JFFBF97CA  14-05     2300(2500)  46(42)      59.5   50.5
KFFBF18CA  15-03     3555(4075)  48(35)      117.9  74.7
LFFBF57CA  15-11     3062(3462)  46(43)      81.3   66.2
JFFBF28DA  14-08     2638(2638)  40(40)      65.8   65.8
OFFBF28DA  19-10     2018(2418)  40(31)      78.0   50.3
HFFBF47CA  12-11     3007(3247)  44(36)      90.3   68.5
JFFBF08CA  14-05     2283(2483)  45(42)      59.5   50.5
IFFBF87CA  13-04     2440(2720)  46(33)      83.3   52.6
IFFBF57CA  13-01     1858(1858)  32(32)      58.4   58.4
PFFBF98DA  20-05     2540(2690)  43(38)      69.9   59.3
IFFBF57CA  13-08     2205(2205)  44(44)      50.4   50.4
JFFBF77DA  13-12     2715(2715)  41(41)      65.8   65.8
JFFBF18CA  14-04     2282(2417)  43(36)      67.6   53.2
OFFBF09CA  19-08     2400(2400)  34(34)      70.0   70.0
LFFBF38CA  16-05     1735(1735)  34(34)      50.4   50.4
KFFBF97CA  15-10     1630(1630)  32(32)      50.4   50.4
KFFBF18CA  15-02     2880(3300)  45(38)      86.4   63.4
OFFBF48CA  19-10     2130(2130)  33(33)      63.6   63.6
IFFBF57CA  13-05     2123(2323)  42(37)      62.7   51.0
LFFBF87CA  16-04     2692(3032)  43(35)      86.0   61.9
MFFBF57CA  17-06     3365(3800)  44(40)      95.2   76.0
IFFBF07CA  12-12     3176(3406)  51(49)      70.2   62.7
JFFBF67CA  14-02     2530(2700)  43(38)      71.5   59.1
KFFBF47CA  14-12     3828(4338)  48(37)      117.2  79.6
JFFBF77DA  14-02     2865(3055)  46(41)      74.2   62.2
LFFBF87CA  16-04     2890(3080)  46(41)      75.8   63.5
OFFBF58CA  19-06     2820(3200)  43(38)      84.4   65.2
IFFBF37CA  13-09     2560(2700)  48(42)      64.7   53.8
IFFBF27CA  13-09     2450(2450)  41(41)      60.2   60.2
JFFBF37CA  13-10     3010(3350)  43(34)      97.2   69.9
MFFBF87CA  17-10     2620(3060)  40(38)      81.3   66.2
JFFBF87CA  13-12     2610(2775)  41(37)      75.8   64.0
LFFBF68EA  16-06     2050(2050)  36(36)      56.7   56.7
IFFBF18CA  13-05     2626(2927)  49(39)      75.5   53.8
LFFBF97CA  16-10     1668(1668)  32(32)      52.1   52.1
PFFBF68CA  19-12     2530(3010)  40(33)      90.7   63.9
PFFBF58CA  20-01     2740(2980)  42(35)      85.9   65.2
PFFBF66DA  20-06     2255(2400)  40(36)      66.3   56.0
KFFBF38CA  15-03     2255(2255)  39(39)      57.3   57.3
JFFBF58CA  14-04     3143(3313)  45(41)      80.4   69.4
JFFBF38DA  14-02     2758(2938)  45(40)      74.0   61.9
HFFBF87CA  12-11     2690(2950)  43(35)      84.3   62.5
JFFBF18CA  14-11     2800(2800)  45(45)      61.7   61.7
MFFBF09CA  17-08     1862(1862)  32(32)      58.5   58.5
JFFBF18DA  14-02     3420(3740)  46(40)      94.5   73.7
JFFBF67CA  14-02     2920(3300)  43(36)      92.2   67.2
IFFBF27CA  13-09     2760(3180)  40(32)      100.8  68.8
JFFBF77CA  14-02     2920(3090)  49(43)      71.5   59.1
IFFBF87CA  13-06     2965(3345)  48(40)      82.8   61.2
IFFBF47CA  13-01     2085(2300)  40(38)      60.3   51.6
MFFBF87CA  17-10     2674(2894)  35(33)      88.7   75.8
JFFBF08CA  14-01     2329(2564)  44(42)      61.5   52.6
MFFBF77CA  17-09     2920(3420)  48(40)      85.3   60.7
IFFBF18CA  13-02     2165(2375)  41(39)      60.8   52.4
NFFBF48CA  18-05     3220(3680)  42(38)      95.9   76.0
JFFBF97CA  14-02     2760(3200)  47(43)      74.3   59.2
HFFBF57CA  12-11     2748(2988)  42(34)      87.8   66.0
IFFBF87CA  12-12     2874(2874)  36(36)      78.8   78.8
PFFBF78CA  20-03     2640(2870)  41(38)      76.5   63.9
LFFBF87CA  16-08     2300(2300)  34(34)      67.5   67.5
PFFBF09DA  20-07     2390(2590)  45(38)      67.6   53.2
HFFBF67CA  12-11     3160(3530)  46(39)      89.7   68.0
OFFBF58CA  19-03     3453(3863)  45(40)      96.2   77.1
JFFBF38DA  14-02     2808(3148)  45(37)      86.0   61.9
KFFBF28CA  15-01     2470(2880)  46(38)      76.0   54.2
LFFBF88CA  16-07     2400(2400)  35(35)      67.7   67.7
NFFBF68CA  18-02     3458(3918)  47(42)      93.4   73.5
KFFBF48CA  15-12     3115(3280)  42(37)      89.1   74.8
NFFBF66CA  18-07     2410(2410)  37(37)      65.5   65.5
JFFBF77CA  14-02     2630(2820)  45(39)      71.5   59.1
MFFBF58DA  17-07     2138(2538)  42(34)      74.4   51.0
IFFBF57CA  13-12     2594(2724)  48(42)      64.7   53.8
NFFBF67CA  18-08     2000(2000)  38(38)      52.5   52.5
IFFBF27CA  12-12     3808(4228)  52(48)      88.4   73.3
IFFBF87CA  13-06     2185(2415)  43(39)      62.7   51.0
JFFBF97CA  14-05     2900(2900)  48(48)      60.1   60.1
IFFBF28CA  13-07     2195(2558)  42(37)      69.2   52.4
IFFBF97CA  13-05     2680(2680)  38(38)      70.3   70.3
KFFBF77CA  15-07     3300(3990)  45(36)      110.4  72.9
HFFBF67CA  12-11     2790(3060)  42(35)      87.7   65.9
KFFBF18CA  15-02     2673(3073)  41(35)      87.5   64.5
IFFBF18CA  13-05     2098(2288)  41(36)      62.7   51.0
LFFBF18CA  15-11     3420(3860)  50(42)      92.5   68.0
KFFBF18CA  15-10     3027(3207)  42(38)      85.4   72.9
KFFBF78CA  15-07     2350(2350)  37(37)      63.6   63.6
JFFBF48DA  14-02     3470(3850)  47(39)      97.8   73.7
IFFBF58CA  13-05     2661(2920)  44(36)      82.0   60.3
KFFBF18CA  14-11     2650(3000)  49(40)      74.1   54.2
KFFBF48CA  14-03     3198(3558)  46(39)      91.4   69.4
HFFBF08CA  12-11     2450(2820)  41(35)      81.3   59.6
JFFBF87CA  14-02     2875(3090)  49(43)      71.5   59.1
NFFBF77CA  18-07     3390(3600)  44(41)      87.2   77.2
JFFBF97CA  14-05     2683(2868)  51(42)      67.5   53.1
JFFBF97CA  14-02     3352(3712)  50(40)      92.2   67.2
JFFBF28CA  14-06     2256(2391)  42(35)      67.6   53.2
KFFBF67CA  14-07     3100(3495)  46(39)      88.8   66.8
JFFBF28CA  14-05     2630(2800)  50(41)      67.5   53.1
HFFBF67CA  12-10     3075(3075)  48(48)      64.0   64.0
IFFBF87CA  13-01     2750(2750)  35(35)      77.8   77.8
MFFBF58CA  17-03     2910(3370)  48(40)      85.0   60.5
OFFBF98CA  19-05     2540(2690)  41(37)      72.6   62.3
NFFBF09CA  18-07     2740(2970)  37(34)      87.8   74.8
NFFBF48CA  17-12     1820(1820)  32(32)      56.1   56.1
IFFBF58CA  13-05     2722(3092)  51(41)      75.5   53.8
KFFBF48CA  15-02     3376(3816)  46(39)      96.6   73.6
JFFBF38CA  14-05     2229(2379)  43(36)      66.5   52.1
NFFBF56CA  18-06     2450(2450)  32(32)      75.5   75.5
LFFBF08CA  16-04     2800(2990)  48(43)      70.0   57.8
JFFBF97CA  14-02     2649(3009)  46(37)      82.3   57.4
IFFBF97CA  13-03     2699(2929)  47(45)      65.6   58.0
JFFBF08CA  14-02     3200(3620)  48(39)      92.2   67.2
PFFBF09DA  20-05     2615(2795)  43(38)      73.0   60.7
IFFBF87CA  13-09     3117(3327)  45(39)      84.8   68.7
JFFBF38CA  14-06     2416(2416)  37(37)      65.8   65.8
PFFBF78CA  20-02     2575(2735)  41(38)      72.6   62.3
PFFBF98CA  20-02     2295(2460)  41(37)      66.3   56.0
IFFBF68CA  13-06     2700(2850)  48(42)      67.5   56.7
IFFBF38CA  13-10     2581(2786)  44(42)      66.8   59.2
IFFBF68CA  13-04     2789(3074)  46(37)      83.5   60.1
JFFBF88CA  14-06     2282(2417)  43(36)      67.6   53.2
LFFBF09CA  16-06     2958(3178)  44(41)      76.6   66.6
KFFBF76CA  15-07     3482(3922)  52(43)      91.4   66.8
OFFBF78CA  19-05     2900(3060)  40(36)      85.4   73.3
IFFBF18CA  13-02     2172(2352)  41(39)      60.2   52.4
PFFBF09DA  20-05     2362(2762)  38(32)      86.0   61.9
HFFBF87CA  12-10     3111(3111)  49(49)      64.0   64.0
MFFBF38CA  16-12     2190(2190)  37(37)      59.3   59.3
IFFBF09CA  13-05     2868(3068)  48(38)      81.5   59.9
IFFBF48CA  13-09     2880(3300)  42(33)      98.6   68.8
PFFBF17DA  20-05     3005(3445)  40(34)      101.0  75.8
OFFBF07CA  19-06     2751(3171)  42(36)      87.4   65.2
JFFBF28CA  13-04     2560(2560)  42(42)      61.6   61.6
IFFBF58CA  13-04     2432(2622)  47(43)      60.5   51.5
KFFBF67CA  15-06     2790(3100)  46(38)      82.4   60.8
NFFBF37CA  18-08     2028(2028)  36(36)      56.9   56.9
IFFBF07CA  13-01     2671(2881)  46(44)      65.6   58.0
JFFBF37DA  14-02     1638(1638)  32(32)      51.5   51.5
HFFBF57DA  12-08     2200(2370)  43(38)      62.7   51.0
MFFBF37CA  17-09     2368(2668)  38(34)      77.7   62.6
KFFBF17CA  14-12     1786(1786)  33(33)      54.0   54.0
LFFBF08DA  16-08     2650(3050)  42(35)      87.7   63.1
LFFBF47CA  16-01     2250(2250)  37(37)      61.3   61.3
JFFBF67CA  14-01     2950(3150)  46(42)      74.6   63.6
KFFBF57CA  15-02     3055(3445)  48(40)      85.6   63.6
KFFBF67CA  15-02     2934(3374)  45(39)      87.5   64.5
IFFBF67CA  13-07     2100(2550)  38(35)      72.4   55.0
JFFBF17CA  14-09     2180(2360)  43(40)      59.6   50.6
OFFBF08CA  19-03     1830(1830)  36(36)      50.3   50.3
MFFBF28DA  17-06     2150(2350)  41(35)      68.0   52.6
HFFBF17CA  12-11     2660(2660)  39(39)      68.0   68.0
KFFBF77CA  15-03     3080(3270)  48(44)      74.6   63.6
KFFBF97CA  15-05     2510(2645)  39(36)      72.5   64.9
PFFBF18DA  20-01     2960(3360)  40(32)      103.6  74.7
IFFBF27CA  12-12     1870(1870)  35(35)      53.6   53.6
MFFBF87CA  17-10     3060(3480)  41(37)      94.4   74.6
PFFBF28DA  20-01     2490(2850)  36(30)      95.3   69.9
KFFBF97CA  15-04     3037(3362)  47(42)      80.0   64.9
MFFBF97CA  17-01     2500(2500)  32(32)      77.8   77.8
IFFBF18CA  13-07     2940(2940)  47(47)      62.9   62.9
KFFBF28CA  15-05     3176(3516)  46(38)      91.4   69.4
JFFBF38CA  14-07     2300(2500)  46(42)      59.4   50.4
JFFBF97CA  14-03     2950(2950)  49(49)      60.0   60.0
KFFBF08CA  15-02     2740(2950)  42(39)      76.0   64.5
NFFBF48CA  18-01     2795(3005)  41(40)      76.0   68.5
NFFBF98DA  18-07     2060(2260)  37(35)      63.7   55.0
IFFBF96CA  13-04     2410(2730)  42(34)      81.3   57.2
IFFBF57CA  13-05     2168(2333)  41(38)      60.8   52.4
IFFBF27CA  13-10     2000(2000)  38(38)      52.2   52.2
JFFBF28CA  14-02     2360(2750)  44(36)      77.2   53.8
OFFBF47CA  19-07     3440(3810)  46(37)      103.3  74.6
MFFBF47CA  17-09     3340(3790)  43(39)      96.9   77.0
JFFBF57CA  14-05     2788(2988)  47(44)      67.8   58.9
JFFBF77CA  14-07     2300(2480)  46(42)      59.5   50.5
LFFBF27CA  16-09     3100(3580)  43(37)      97.9   72.9
HFFBF07CA  12-11     3087(3327)  45(37)      89.7   68.0
MFFBF57CA  17-10     2300(2700)  37(35)      77.7   62.6
IFFBF17CA  13-09     2851(3221)  44(40)      80.0   64.9
MFFBF38CA  17-07     3100(3530)  46(43)      83.0   67.9
HFFBF27CA  12-10     3175(3175)  49(49)      64.4   64.4
JFFBF08CA  14-07     3492(3952)  48(40)      97.9   72.9
JFFBF57CA  13-12     2728(3188)  47(44)      73.1   58.0
KFFBF18CA  15-03     3260(3700)  49(40)      92.2   67.2
LFFBF87CA  15-09     2600(2770)  43(38)      73.0   60.7
IFFBF37CA  13-04     2360(2490)  41(35)      71.2   57.2
HFFBF37CA  12-10     2122(2302)  41(39)      59.7   51.6
IFFBF57CA  13-01     2275(2410)  43(35)      68.0   52.6
HFFBF47CA  12-11     3160(3400)  48(39)      87.5   65.7
LFFBF28CA  16-05     2100(2100)  34(34)      62.2   62.2
HFFBF57CA  12-11     2960(3200)  43(35)      90.3   68.5
OFFBF98CA  19-08     2180(2180)  36(36)      60.9   60.9
LFFBF77CA  15-08     2585(2925)  48(38)      77.5   54.0
JFFBF77CA  14-07     3833(4263)  51(41)      103.5  74.8
HFFBF28CA  12-08     2398(2398)  39(39)      60.9   60.9
HFFBF28CA  12-07     2708(2878)  43(40)      71.3   62.3
NFFBF18CA  17-12     2218(2218)  35(35)      63.3   63.3
MFFBF28DA  17-09     2470(2700)  48(45)      60.5   51.5
NFFBF48CA  18-01     2650(3050)  42(39)      77.8   62.7
HFFBF77CA  12-11     2534(2654)  41(36)      72.8   61.9
IFFBF18CA  12-12     1946(1946)  33(33)      58.4   58.4
IFFBF07CA  13-05     3240(3580)  43(35)      103.5  75.4
JFFBF87DA  14-02     3600(3980)  49(41)      97.5   73.3
NFFBF28CA  17-12     2870(3100)  38(35)      88.7   75.8
IFFBF08CA  13-10     2770(2770)  44(44)      63.6   63.6
MFFBF57CA  17-01     2115(2115)  31(31)      67.5   67.5
NFFBF67DA  17-11     2200(2400)  38(35)      68.0   58.1
JFFBF37CA  13-12     2152(2352)  41(37)      63.6   51.9
HFFBF27CA  12-11     2053(2403)  39(34)      70.2   53.3
HFFBF37CA  12-10     1890(2070)  37(35)      59.8   51.6
KFFBF08DA  15-05     2900(2900)  37(37)      77.8   77.8
PFFBF88DA  20-05     2140(2290)  43(38)      60.8   50.2
HFFBF47CA  12-10     3100(3100)  48(48)      64.4   64.4
KFFBF87CA  15-01     3180(3350)  46(42)      80.4   69.4
JFFBF67CA  14-08     3760(4100)  50(40)      103.5  74.8
JFFBF18CA  14-05     2778(3138)  47(41)      76.8   58.9
OFFBF48CA  19-02     2820(3050)  38(35)      87.8   74.8
IFFBF97CA  13-04     2345(2470)  44(36)      68.8   53.4
IFFBF67CA  13-01     1860(1860)  32(32)      58.4   58.4
JFFBF08CA  14-03     2400(2400)  42(42)      56.5   56.5
IFFBF97CA  13-11     2295(2460)  44(39)      63.6   51.9
JFFBF58CA  14-06     2135(2355)  41(37)      63.6   51.9
KFFBF98EA  15-07     2784(3004)  42(39)      78.0   66.6
NFFBF98DA  18-05     2040(2250)  39(35)      63.6   51.9
OFFBF66CA  19-07     3100(3480)  42(36)      96.7   74.5
MFFBF48CA  17-05     2730(2730)  39(39)      70.1   70.1
JFFBF38CA  14-05     2589(2759)  49(41)      67.5   53.1
IFFBF68CA  13-07     2827(3142)  50(40)      78.1   56.5
NFFBF57CA  17-11     2084(2514)  35(31)      80.9   59.6
JFFBF27CA  13-12     2275(2485)  43(41)      60.8   52.4
IFFBF67CA  13-06     2188(2388)  42(38)      63.6   51.9
PFFBF38CA  20-05     2870(2870)  38(38)      76.5   76.5
IFFBF77CA  13-06     2504(2714)  42(38)      71.6   59.8
LFFBF57CA  16-09     3240(3600)  47(40)      91.1   69.2
PFFBF68DA  20-05     2170(2345)  43(37)      62.8   50.5
JFFBF77CA  14-02     2510(2700)  42(38)      71.5   59.1
MFFBF28CA  17-05     3058(3058)  39(39)      79.1   79.1
MFFBF38CA  17-05     2705(3145)  39(38)      83.6   68.5
NFFBF38CA  18-07     2470(2470)  36(36)      67.7   67.7
JFFBF18CA  14-07     2780(2780)  41(41)      68.2   68.2
MFFBF18CA  17-04     2620(2620)  33(33)      78.8   78.8
IFFBF18CA  13-06     2153(2353)  42(38)      62.7   51.0
KFFBF48CA  15-06     2580(2950)  48(38)      78.0   54.2
IFFBF77CA  13-01     1880(1880)  32(32)      58.4   58.4
LFFBF78CA  16-05     2050(2050)  39(39)      52.3   52.3
HFFBF58CA  12-08     2658(2838)  43(39)      72.3   62.3
LFFBF18CA  16-10     2220(2220)  37(37)      60.6   60.6
OFFBF09CA  19-06     1910(1910)  37(37)      51.5   51.5
JFFBF18CA  14-11     2325(2325)  39(39)      59.0   59.0
KFFBF08CA  14-11     2595(2800)  48(44)      64.1   54.2
IFFBF68CA  13-07     2225(2225)  44(44)      50.3   50.3
HFFBF97CA  12-10     2293(2458)  36(32)      75.8   64.0
PFFBF56CA  20-04     2385(2680)  43(35)      76.2   55.6
IFFBF97CA  13-07     2143(2143)  43(43)      50.4   50.4
NFFBF48CA  18-07     2650(3070)  42(39)      77.8   62.7
JFFBF77CA  14-02     2959(3319)  44(36)      92.2   67.2
IFFBF37CA  13-09     2768(2988)  40(35)      84.8   68.7
JFFBF67CA  14-12     1850(2010)  36(32)      63.6   51.9
IFFBF47CA  13-03     2800(2800)  45(45)      62.9   62.9
PFFBF18CA  20-02     2580(2580)  36(36)      70.7   70.7
MFFBF97CA  17-02     2820(2820)  39(39)      72.7   72.7
PFFBF98DA  20-06     2515(2700)  42(38)      71.6   59.3
MFFBF67CA  17-08     2715(3120)  41(38)      81.3   66.2
KFFBF97CA  14-12     2401(2581)  44(39)      66.1   54.2
NFFBF28CA  18-02     3361(3766)  44(39)      95.7   76.6
IFFBF28CA  13-03     2184(2518)  42(36)      69.2   52.4
IFFBF38CA  13-08     2654(2884)  44(40)      71.6   59.8
IFFBF77CA  13-01     2220(2380)  42(35)      68.8   53.4
IFFBF38CA  13-05     2463(2600)  46(40)      64.7   53.8
IFFBF97CA  12-12     1934(1934)  33(33)      58.4   58.4
LFFBF08DA  16-09     2398(2398)  35(35)      67.6   67.6
IFFBF87CA  12-12     2300(2480)  42(39)      63.7   55.0
LFFBF18CA  16-08     2568(2568)  38(38)      67.5   67.5
MFFBF09EA  17-03     2400(2400)  36(36)      67.5   67.5
JFFBF08CA  13-05     2300(2300)  37(37)      61.6   61.6
PFFBF86DA  20-07     2450(2450)  31(31)      78.1   78.1
IFFBF58CA  13-06     2311(2471)  43(38)      64.7   53.8
JFFBF58CA  14-05     3468(3928)  48(40)      97.9   72.9
KFFBF48CA  15-01     3630(3630)  52(52)      69.4   69.4
LFFBF38CA  16-09     2360(2360)  38(38)      61.7   61.7
KFFBF28CA  15-06     2520(2520)  37(37)      69.0   69.0
IFFBF97CA  13-05     2135(2335)  42(37)      62.7   51.0
IFFBF37CA  13-06     3105(3425)  41(33)      103.5  75.4
PFFBF18CA  19-11     1860(1860)  32(32)      57.4   57.4
JFFBF97CA  14-02     3080(3450)  46(37)      92.2   67.2
JFFBF18CA  14-06     2473(2628)  46(39)      67.6   53.2
PFFBF09DA  20-07     2593(2763)  44(38)      71.8   59.3
NFFBF97DA  18-09     2570(2770)  41(37)      74.2   62.2
KFFBF18CA  15-06     2288(2288)  40(40)      56.6   56.6
PFFBF38CA  19-10     2925(3255)  44(37)      88.8   66.6
JFFBF28CA  14-05     2390(2555)  46(38)      66.5   52.1
MFFBF28CA  17-09     1986(1986)  34(34)      58.1   58.1
OFFBF48CA  19-10     2015(2015)  37(37)      54.7   54.7
KFFBF28CA  15-02     3376(3596)  46(42)      85.1   73.6
MFFBF58CA  17-03     2150(2150)  36(36)      60.3   60.3
IFFBF58CA  13-07     2298(2298)  46(46)      50.4   50.4
JFFBF38CA  13-12     2325(2325)  44(44)      52.6   52.6
MFFBF98CA  17-05     2740(2945)  40(39)      76.0   68.5
PFFBF86EA  20-05     2960(3360)  40(33)      101.6  74.7
JFFBF88CA  14-07     2990(2990)  50(50)      60.1   60.1
PFFBF98CA  19-11     3200(3620)  43(39)      93.7   74.5
IFFBF18CA  13-09     2720(2910)  40(35)      82.6   68.8
KFFBF28CA  14-11     2575(2895)  48(38)      76.0   54.2
MFFBF58CA  17-09     2300(2300)  45(45)      51.4   51.4
IFFBF88CA  13-05     3100(3320)  51(40)      82.9   61.3
JFFBF77CA  13-11     2465(2465)  40(40)      61.5   61.5
JFFBF97CA  14-02     3280(3500)  49(44)      79.7   67.2
IFFBF47CA  13-04     2430(2730)  42(32)      85.3   57.2
JFFBF08CA  14-02     3200(3790)  48(36)      104.7  67.2
IFFBF18CA  13-05     2249(2420)  43(40)      60.8   52.4
IFFBF48CA  13-08     2440(2630)  43(40)      65.6   56.6
OFFBF68DA  19-11     2800(3260)  43(38)      85.9   65.2
PFFBF66EA  20-07     2876(3256)  39(33)      97.8   73.7
IFFBF97CA  12-12     1900(1900)  33(33)      57.4   57.4
LFFBF18CA  16-10     2345(2345)  38(38)      61.6   61.6
HFFBF87CA  12-11     2900(3200)  44(36)      87.7   65.9
OFFBF09CA  19-03     2320(2470)  42(37)      65.9   55.6
JFFBF18CA  13-12     2300(2300)  36(36)      63.6   63.6
PFFBF78CA  19-11     2276(2426)  41(37)      65.9   55.6
PFFBF86CA  20-05     2695(2930)  42(38)      77.6   64.2
IFFBF97CA  13-05     2020(2020)  37(37)      53.9   53.9
JFFBF08CA  14-02     2534(2724)  43(38)      71.5   59.1
PFFBF98DA  20-07     2440(2800)  38(33)      83.9   64.3
JFFBF18CA  14-02     2740(2930)  48(42)      69.9   57.4
PFFBF56DA  20-06     2330(2730)  35(31)      87.5   65.7
NFFBF18CA  17-11     2608(2828)  34(32)      88.1   75.8
PFFBF86EA  20-08     3020(3400)  45(37)      91.4   66.8
IFFBF58CA  13-06     2239(2406)  43(40)      60.8   52.4
IFFBF98CA  13-08     2434(2750)  40(36)      77.2   60.8
IFFBF48CA  13-10     2783(3203)  43(40)      80.0   64.9
JFFBF98CA  14-06     2300(2450)  44(37)      66.3   51.9
JFFBF88CA  14-02     2523(2723)  38(35)      78.0   66.3
OFFBF07CA  19-04     2560(2960)  38(34)      85.8   66.6
IFFBF28CA  13-02     2256(2656)  43(39)      68.0   52.4
NFFBF58CA  18-02     2605(2605)  38(38)      68.2   68.2
HFFBF97CA  12-10     3130(3130)  49(49)      64.0   64.0
PFFBF17DA  20-04     2250(2450)  38(35)      70.7   59.9
OFFBF17CA  19-06     2732(2922)  41(38)      77.7   66.6
PFFBF86EA  20-06     1998(1998)  39(39)      51.2   51.2
HFFBF08CA  12-10     3090(3090)  48(48)      64.0   64.0
JFFBF38CA  13-08     2428(2428)  39(39)      61.6   61.6
LFFBF17CA  15-11     3338(3538)  45(40)      89.1   74.7
NFFBF47CA  18-08     2100(2100)  35(35)      59.4   59.4
LFFBF37CA  16-06     2900(2900)  46(46)      62.8   62.8
PFFBF08CA  20-03     1750(1750)  33(33)      52.5   52.5
IFFBF57CA  13-06     2600(2600)  40(40)      65.5   65.5
LFFBF37CA  15-12     2379(2379)  39(39)      61.2   61.2
OFFBF77DA  19-09     2815(3215)  37(31)      103.5  75.4
MFFBF67DA  16-12     2180(2380)  43(38)      62.4   51.1
JFFBF57CA  14-04     3330(3750)  46(38)      97.9   72.9
KFFBF97CA  15-07     3270(3690)  48(40)      92.5   68.0
KFFBF67CA  15-02     3400(3770)  49(41)      91.1   69.2
PFFBF58EA  20-06     1910(1910)  38(38)      50.3   50.3
JFFBF97CA  14-07     2286(2466)  45(42)      59.4   50.4
KFFBF47CA  14-12     2600(2600)  48(48)      54.5   54.5
NFFBF08CA  18-03     1972(1972)  37(37)      53.7   53.7
LFFBF08CA  16-04     2781(3131)  41(37)      83.6   68.5
LFFBF08CA  16-04     2100(2280)  38(34)      67.5   54.9
JFFBF08CA  14-06     2730(2930)  46(43)      67.8   58.9
HFFBF57CA  12-11     2160(2330)  42(37)      62.7   51.0
MFFBF18DA  17-02     2046(2426)  37(32)      75.4   55.7
MFFBF97CA  17-01     2399(2399)  34(34)      70.7   70.7
KFFBF77CA  14-09     3100(3460)  45(38)      91.4   69.4
NFFBF68CA  18-06     2400(2400)  39(39)      61.5   61.5
IFFBF28CA  13-07     2932(2932)  47(47)      62.9   62.9
HFFBF47CA  12-09     2135(2305)  42(37)      62.7   51.0
IFFBF77CA  13-02     2868(2868)  37(37)      78.1   78.1
OFFBF38CA  19-10     2550(2550)  33(33)      76.2   76.2
JFFBF87CA  14-01     2260(2460)  43(41)      60.2   52.4
MFFBF28CA  17-11     2130(2130)  32(32)      65.7   65.7
JFFBF48CA  14-07     2284(2464)  45(41)      59.4   50.4
LFFBF28CA  16-09     2076(2196)  33(30)      73.7   62.9
LFFBF08CA  16-08     2905(3100)  42(40)      77.2   69.7
KFFBF18CA  15-02     2760(2960)  43(40)      74.4   64.5
JFFBF28DA  14-02     3540(3860)  48(41)      94.5   73.7
LFFBF48CA  16-03     3310(3500)  44(34)      101.6  74.7
MFFBF37CA  16-12     3020(3250)  50(45)      72.7   60.5
IFFBF67CA  13-04     2194(2360)  42(39)      60.8   52.4
JFFBF97CA  14-05     2530(2920)  41(33)      88.9   61.5
JFFBF87DA  14-04     3576(3956)  49(40)      97.8   73.7
HFFBF37CA  12-10     1921(2251)  37(33)      69.0   51.6
IFFBF87CA  13-04     2423(2743)  46(33)      83.9   53.1
NFFBF48DA  17-11     2600(2800)  44(39)      70.9   58.6
JFFBF38CA  14-02     2772(2947)  52(45)      65.5   53.8
OFFBF87CA  19-02     2368(2368)  33(33)      71.7   71.7
JFFBF67CA  14-05     2760(3100)  39(32)      97.2   69.9
HFFBF86CA  12-09     2541(2541)  40(40)      64.3   64.3
IFFBF17CA  13-01     3125(3125)  41(41)      76.9   76.9
JFFBF67CA  14-05     2738(2938)  46(43)      67.9   58.9
JFFBF87CA  14-07     2775(2975)  47(44)      67.8   58.9
LFFBF67CA  15-11     2170(2600)  40(33)      78.0   54.2
JFFBF47CA  14-01     2245(2475)  43(41)      60.8   52.4
KFFBF28CA  15-08     2445(2610)  42(40)      65.6   58.0
JFFBF77CA  14-04     2450(2450)  47(47)      52.3   52.3
KFFBF67CA  15-10     3060(3250)  52(46)      70.9   58.6
IFFBF87CA  12-12     2880(3210)  40(34)      94.4   71.2
HFFBF37CA  12-10     3125(3125)  49(49)      64.4   64.4
JFFBF57CA  14-07     3115(3475)  45(38)      91.4   69.4
HFFBF47CA  12-10     3073(3073)  48(48)      64.4   64.4
PFFBF48EA  20-01     2850(3100)  43(36)      86.5   66.6
LFFBF97CA  15-09     2530(2700)  42(37)      72.7   60.5
NFFBF48CA  18-04     2710(2710)  37(37)      73.0   73.0
IFFBF18CA  13-06     3050(3400)  51(42)      81.5   59.9
OFFBF78CA  19-06     2263(2408)  41(37)      65.9   55.6
KFFBF68EA  15-05     2740(2950)  41(38)      78.0   66.6
HFFBF67CA  12-11     2988(3228)  44(36)      90.2   68.5
IFFBF48CA  13-08     2810(3000)  42(38)      78.8   66.7
MFFBF08CA  16-12     2852(3192)  46(39)      82.8   62.0
LFFBF38CA  16-03     3558(3558)  49(49)      71.9   71.9
NFFBF78CA  18-03     3088(3493)  40(36)      95.7   76.6
HFFBF38CA  12-08     2400(2400)  39(39)      60.9   60.9
IFFBF97CA  13-11     2192(2422)  42(38)      63.6   51.9
MFFBF88CA  17-06     2450(2450)  36(36)      67.7   67.7
NFFBF28CA  18-08     2300(2300)  34(34)      67.5   67.5
LFFBF28CA  15-11     2325(2325)  35(35)      66.0   66.0
JFFBF97DA  14-02     3630(4010)  50(41)      97.5   73.3
MFFBF38CA  17-03     2740(2925)  40(38)      76.0   68.5
IFFBF97CA  13-04     2005(2137)  38(31)      68.2   52.9
JFFBF48CA  14-02     2793(2973)  52(45)      65.5   53.8
IFFBF47CA  13-04     2363(2508)  45(37)      68.2   52.9
IFFBF87CA  13-07     2880(3150)  47(38)      82.3   60.7
IFFBF17CA  13-09     2190(2410)  43(38)      62.7   51.0
NFFBF48DA  18-06     2480(2690)  42(38)      71.5   59.1
OFFBF68CA  19-08     1940(1940)  37(37)      52.2   52.2
JFFBF47CA  13-12     2276(2451)  44(39)      63.6   51.9
JFFBF67CA  14-02     2100(2100)  39(39)      53.2   53.2
JFFBF67CA  14-10     3370(3750)  46(38)      97.9   72.9
PFFBF98DA  20-06     2193(2358)  44(38)      62.5   50.2
NFFBF08CA  18-09     2420(2420)  36(36)      67.6   67.6
JFFBF18CA  14-05     2785(2965)  47(44)      67.8   58.9
HFFBF57CA  12-10     3101(3101)  48(48)      64.4   64.4
KFFBF97CA  14-11     3323(3669)  48(40)      91.4   69.4
LFFBF18CA  16-03     2088(2088)  42(42)      50.1   50.1
MFFBF48CA  17-05     3033(3253)  51(47)      69.4   59.5
JFFBF77CA  14-08     2693(2863)  51(42)      67.6   53.2
OFFBF58CA  19-03     2945(3165)  39(36)      88.7   75.8
IFFBF77CA  13-01     1973(1973)  34(34)      58.4   58.4
PFFBF56DA  20-05     2520(2705)  44(39)      70.2   57.9
MFFBF18CA  16-11     2200(2200)  32(32)      68.2   68.2
OFFBF98CA  19-04     2365(2825)  41(35)      81.8   57.8
JFFBF28CA  13-10     2239(2474)  42(40)      61.6   52.7
IFFBF27CA  12-11     2817(3237)  45(42)      77.7   62.6
LFFBF18CA  16-06     2000(2000)  35(35)      56.4   56.4
PFFBF78DA  20-04     2220(2410)  44(38)      62.8   50.5
JFFBF87CA  14-02     2669(2839)  45(40)      71.5   59.1
LFFBF48CA  16-07     3249(3629)  47(40)      91.4   69.4
IFFBF08CA  13-07     1919(2249)  37(33)      69.0   51.6
KFFBF18CA  15-05     2032(2032)  38(38)      53.7   53.7
PFFBF88DA  20-05     2151(2296)  43(38)      61.1   50.5
JFFBF97CA  14-03     3098(3263)  48(45)      72.5   64.9
JFFBF18CA  14-04     2700(2900)  47(44)      65.6   58.0
