ID         交易年月  總價(含車)  單價(含車)  權狀   建坪 
---------  --------  ----------  ----------  -----  -----
OFFBF76CA  19-04     4494(4884)  44(39)      123.9  101.7
PFFBF98DA  20-06     3500(3500)  34(34)      101.6  101.6
JFFBF27CA  14-09     4050(4620)  49(38)      121.1  83.5 
KFFBF77CA  15-03     4180(4600)  42(40)      116.3  98.6 
NFFBF18CA  18-03     3493(3928)  41(38)      104.0  84.9 
LFFBF08CA  16-03     3450(3450)  35(35)      99.8   99.8 
MFFBF97CA  17-09     3670(4340)  37(35)      123.9  98.5 
KFFBF37CA  15-03     3340(3780)  40(38)      100.7  82.9 
PFFBF87DA  20-10     3500(3500)  41(41)      84.8   84.8 
LFFBF97CA  16-05     3156(3576)  38(35)      100.9  83.1 
HFFBF07CA  12-10     3360(3360)  36(36)      93.5   93.5 
KFFBF97CA  15-05     4668(5108)  47(44)      116.9  99.1 
KFFBF87CA  14-12     4288(4938)  43(40)      124.6  98.6 
HFFBF17CA  12-10     3810(3810)  37(37)      103.2  103.2
PFFBF28CA  19-11     2880(2880)  33(33)      88.3   88.3 
KFFBF78CA  15-07     2650(2650)  33(33)      80.5   80.5 
IFFBF18CA  13-10     2672(2672)  32(32)      83.1   83.1 
PFFBF28CA  20-04     3050(3050)  34(34)      88.7   88.7 
KFFBF57CA  15-01     3086(3496)  37(35)      100.5  83.3 
KFFBF87CA  15-04     5095(5755)  46(42)      136.8  110.2
KFFBF77CA  14-12     3878(4388)  46(36)      121.1  83.5 
KFFBF08CA  15-09     4908(5478)  47(39)      141.7  104.1
OFFBF68CA  19-03     3438(3818)  40(37)      104.0  84.9 
HFFBF37CA  12-10     3845(3845)  41(41)      94.6   94.6 
KFFBF67CA  15-01     3148(3588)  38(36)      100.8  83.0 
PFFBF58CA  19-12     3695(4080)  43(39)      105.1  85.3 
OFFBF76CA  19-04     3648(4128)  43(37)      110.2  85.1 
JFFBF57CA  14-10     3237(3237)  39(39)      82.5   82.5 
LFFBF97CA  16-10     4938(4938)  38(38)      130.3  130.3
NFFBF98CA  18-05     4310(4880)  48(38)      127.2  90.6 
OFFBF66CA  19-06     2828(2828)  32(32)      89.3   89.3 
KFFBF58CA  14-12     3838(4258)  39(36)      116.9  99.1 
PFFBF37DA  20-06     3000(3000)  36(36)      82.9   82.9 
KFFBF17CA  15-10     3332(3332)  38(38)      87.5   87.5 
PFFBF38DA  20-06     2620(2620)  33(33)      80.1   80.1 
LFFBF37CA  15-12     4658(5288)  45(37)      141.7  104.1
KFFBF18CD  15-07     3110(3320)  37(36)      92.1   83.2 
MFFBF38CD  17-03     4978(5608)  48(40)      141.7  104.1
OFFBF38CA  19-01     3528(4078)  42(34)      121.1  83.5 
MFFBF68CA  17-07     3678(3888)  44(41)      95.3   82.8 
KFFBF28CA  15-04     3178(3178)  35(35)      90.9   90.9 
KFFBF87CA  15-06     2800(2800)  33(33)      85.3   85.3 
OFFBF18CA  19-04     3578(3998)  43(37)      108.7  83.6 
KFFBF18CA  15-07     3189(3189)  38(38)      84.8   84.8 
NFFBF58CA  18-06     2850(2850)  35(35)      80.4   80.4 
KFFBF47CA  15-03     3568(4028)  43(40)      101.4  83.6 
LFFBF08CA  16-05     3165(3385)  38(37)      92.2   83.3 
HFFBF17CA  12-10     3460(3460)  34(34)      102.4  102.4
NFFBF77CA  18-09     3612(4052)  43(37)      108.6  83.5 
KFFBF47CA  14-12     4090(4705)  40(34)      137.8  102.1
MFFBF67CA  17-07     3450(3450)  34(34)      100.5  100.5
MFFBF97CA  17-01     2640(2640)  33(33)      80.5   80.5 
MFFBF58CA  17-07     2860(2860)  33(33)      85.6   85.6 
IFFBF87CA  13-10     3330(3330)  37(37)      90.4   90.4 
MFFBF57CA  17-07     4897(5557)  47(39)      141.7  104.1
NFFBF77CA  17-12     4380(4810)  51(46)      105.0  85.1 
KFFBF57CA  14-12     4052(4712)  49(39)      120.4  82.8 
MFFBF28CA  17-06     3090(3300)  37(36)      92.5   83.6 
HFFBF37CA  12-10     3340(3340)  32(32)      103.6  103.6
KFFBF38CA  15-05     5980(5980)  35(35)      169.5  169.5
KFFBF97CA  15-10     3780(4200)  38(36)      116.1  98.3 
OFFBF58CA  19-09     3824(3824)  36(36)      106.3  106.3
NFFBF48CA  18-10     2950(2950)  37(37)      80.4   80.4 
IFFBF28CA  13-10     3003(3003)  36(36)      82.9   82.9 
HFFBF37CA  12-10     3678(3678)  36(36)      103.6  103.6
NFFBF58CA  18-05     3458(3893)  42(38)      102.4  83.3 
OFFBF98CA  19-07     4499(4859)  45(40)      121.8  101.1
MFFBF58CA  17-02     2630(2630)  33(33)      80.6   80.6 
LFFBF48CA  16-10     3805(4145)  46(38)      107.9  82.8 
MFFBF28CA  17-05     3720(4140)  46(39)      105.5  80.4 
PFFBF28CA  20-01     4638(5388)  45(38)      141.7  104.1
KFFBF67CA  14-12     3118(3338)  37(36)      92.1   83.2 
KFFBF58CA  15-11     3690(4200)  44(35)      121.1  83.5 
KFFBF87CA  15-01     3150(3150)  35(35)      90.1   90.1 
OFFBF97CA  19-08     3842(4462)  45(39)      114.2  85.1 
LFFBF08CA  16-10     3865(3865)  37(37)      104.2  104.2
KFFBF27CA  15-10     3192(3192)  37(37)      86.5   86.5 
KFFBF57CA  15-03     5190(5860)  50(38)      154.2  104.1
LFFBF18CA  16-06     3715(4055)  45(38)      107.9  82.8 
MFFBF47CA  16-10     2900(2900)  32(32)      90.4   90.4 
KFFBF08CA  15-07     4040(4420)  49(41)      107.9  82.8 
LFFBF67CA  16-09     3475(4045)  42(34)      120.3  82.7 
OFFBF28CA  19-04     3257(3637)  39(35)      103.1  84.0 
LFFBF18CA  16-06     2750(2750)  34(34)      80.1   80.1 
JFFBF18CA  14-07     3843(4443)  46(37)      120.3  82.7 
IFFBF57CA  13-10     4968(5368)  44(37)      145.3  112.8
JFFBF67CA  14-09     4920(5490)  47(39)      141.7  104.1
MFFBF97CA  17-05     3830(4300)  45(41)      105.1  85.3 
LFFBF28CA  15-11     5088(5518)  50(44)      126.5  102.1
KFFBF87CA  15-01     5002(5512)  48(39)      141.7  104.1
JFFBF67CA  13-10     3000(3000)  33(33)      90.1   90.1 
MFFBF18CA  17-10     2810(3250)  34(33)      99.3   82.5 
NFFBF28CA  18-09     4095(4495)  42(37)      121.7  96.6 
JFFBF38CA  14-04     3270(3270)  33(33)      98.7   98.7 
JFFBF57CA  14-04     4100(4100)  48(48)      86.0   86.0 
NFFBF97DA  18-03     3300(3300)  34(34)      98.4   98.4 
IFFBF27CA  13-10     6550(6550)  40(40)      163.0  163.0
OFFBF38CA  19-09     4130(4130)  36(36)      114.2  114.2
LFFBF38CA  16-03     3830(4050)  39(38)      107.2  98.3 
HFFBF27CA  12-10     3028(3028)  32(32)      93.5   93.5 
LFFBF77CA  16-08     2750(2750)  33(33)      82.6   82.6 
NFFBF78CA  18-07     3395(3800)  40(37)      103.4  84.3 
JFFBF48CA  14-05     3898(3898)  44(44)      88.7   88.7 
IFFBF28CA  13-10     5770(5770)  42(42)      138.7  138.7
IFFBF47CA  13-10     3276(3276)  40(40)      82.9   82.9 
KFFBF08CA  15-03     3208(3628)  39(36)      100.7  83.0 
PFFBF68CA  19-11     2880(2880)  35(35)      82.5   82.5 
KFFBF67CA  14-11     4098(4608)  50(38)      120.3  82.7 
HFFBF47CA  12-10     3300(3300)  32(32)      104.4  104.4
KFFBF28CA  15-06     4370(4580)  43(42)      109.7  100.8
IFFBF67CA  13-09     3160(3160)  31(31)      100.8  100.8
IFFBF97CA  12-12     3410(3410)  37(37)      93.4   93.4 
LFFBF58CA  16-10     3795(4305)  45(36)      121.2  83.6 
KFFBF48CA  15-01     2888(2888)  36(36)      80.1   80.1 
MFFBF08CA  17-09     3200(3200)  32(32)      99.6   99.6 
JFFBF28CA  13-03     3345(3345)  39(39)      86.1   86.1 
IFFBF08CA  12-12     2832(2832)  34(34)      83.3   83.3 
KFFBF56CA  15-08     4814(5384)  46(38)      141.7  104.1
NFFBF97CA  17-12     3388(4028)  40(35)      114.7  84.9 
LFFBF08CA  16-04     4424(4834)  44(33)      144.6  101.2
JFFBF37CA  14-08     3848(4388)  47(36)      120.3  82.7 
OFFBF18CA  18-12     4073(4793)  49(43)      111.7  82.6 
MFFBF48CA  17-07     3665(4115)  37(35)      116.4  99.3 
JFFBF67CA  13-12     6500(7040)  50(44)      159.8  130.9
JFFBF28CA  14-07     3710(4250)  44(35)      121.2  83.6 
JFFBF38CA  14-08     3610(4450)  44(34)      132.8  82.7 
PFFBF56EA  20-07     3688(3688)  36(36)      102.5  102.5
MFFBF08CA  17-09     4297(4757)  52(46)      102.5  82.6 
OFFBF48CA  19-03     4380(4380)  38(38)      115.7  115.7
KFFBF97CA  14-12     5028(5538)  48(39)      141.7  104.1
LFFBF68DA  16-06     2865(2865)  32(32)      89.9   89.9 
MFFBF18CA  16-12     3892(4402)  47(37)      120.4  82.8 
LFFBF18CA  16-10     3550(3550)  41(41)      86.0   86.0 
NFFBF38CA  18-09     3599(4319)  43(36)      121.2  83.6 
NFFBF68CA  18-04     3435(4100)  40(35)      115.6  85.9 
LFFBF09CA  16-08     4658(5168)  45(36)      141.7  104.1
KFFBF67CA  15-08     3460(3870)  41(39)      100.5  83.4 
JFFBF27CA  14-09     4078(4588)  49(38)      120.3  82.7 
KFFBF47CA  14-11     3978(4488)  48(37)      121.2  83.6 
LFFBF18CA  16-02     3300(3300)  33(33)      100.8  100.8
LFFBF18CA  15-12     4840(5600)  46(36)      154.2  104.1
KFFBF58CA  15-04     3138(3138)  36(36)      87.5   87.5 
HFFBF37CA  12-10     3065(3065)  33(33)      94.3   94.3 
PFFBF68EA  20-05     3975(3975)  35(35)      113.0  113.0
IFFBF47CA  13-10     2808(2808)  34(34)      83.1   83.1 
KFFBF48CA  15-05     3085(3085)  36(36)      86.4   86.4 
IFFBF08CA  13-10     3350(3350)  37(37)      90.4   90.4 
JFFBF28CA  14-11     3423(3423)  35(35)      98.6   98.6 
LFFBF98CA  16-07     3500(3500)  37(37)      94.6   94.6 
JFFBF18DA  14-04     3000(3000)  37(37)      81.0   81.0 
MFFBF97CA  17-09     5010(5700)  38(36)      157.1  130.4
IFFBF57CA  13-10     3392(3392)  38(38)      90.4   90.4 
HFFBF57CA  12-10     3286(3286)  35(35)      94.6   94.6 
OFFBF88CA  18-12     3415(3790)  40(36)      105.1  85.3 
KFFBF58CA  15-03     4090(4750)  42(38)      125.1  98.4 
KFFBF77CA  14-12     3978(4488)  48(37)      121.2  83.6 
IFFBF18CA  12-12     3000(3000)  31(31)      95.4   95.4 
OFFBF38CA  18-12     3140(3570)  37(34)      104.0  84.9 
PFFBF58DA  20-11     3884(3884)  40(40)      96.2   96.2 
KFFBF38CA  15-03     3977(4607)  48(38)      120.4  82.8 
MFFBF98CA  17-03     3880(4450)  46(37)      121.1  83.5 
LFFBF78CA  16-11     2970(2970)  34(34)      87.8   87.8 
LFFBF48CA  15-12     3580(4000)  36(35)      115.7  99.2 
NFFBF08CA  18-08     3350(3800)  39(36)      105.1  85.3 
JFFBF38CA  14-05     3780(3780)  47(47)      80.5   80.5 
LFFBF08CA  16-09     3275(3735)  40(37)      100.7  82.9 
NFFBF66EA  18-05     3639(4084)  44(39)      105.1  82.3 
MFFBF68CA  17-06     3486(3836)  41(37)      104.0  84.9 
MFFBF78CA  16-12     3258(3258)  32(32)      100.8  100.8
OFFBF07CA  19-02     3060(3490)  37(34)      102.8  83.7 
IFFBF37CA  13-02     2980(2980)  37(37)      80.1   80.1 
LFFBF47CA  16-09     3490(4060)  42(34)      121.1  83.5 
KFFBF47CA  15-10     3268(3268)  38(38)      86.5   86.5 
LFFBF08CA  16-05     2850(2850)  34(34)      84.3   84.3 
OFFBF38CA  19-04     3554(4244)  43(35)      121.2  83.6 
MFFBF67CA  16-12     3300(3300)  32(32)      104.5  104.5
LFFBF28CA  16-05     3070(3490)  37(34)      101.2  83.4 
JFFBF47CA  14-08     4010(4640)  48(39)      120.3  82.7 
LFFBF87CA  16-09     4380(4760)  42(37)      129.1  104.1
IFFBF97CA  12-12     3610(3980)  43(37)      107.2  83.0 
OFFBF48CA  19-03     3140(3500)  38(35)      100.7  82.9 
LFFBF18CA  16-02     3250(3250)  39(39)      84.3   84.3 
JFFBF48CA  14-07     3900(4500)  47(37)      120.3  82.7 
KFFBF97CA  15-01     5053(5683)  49(40)      141.7  104.1
PFFBF58CA  20-01     2868(2868)  35(35)      83.1   83.1 
KFFBF38CA  15-03     3768(4338)  46(36)      120.4  82.8 
LFFBF78CA  16-05     3100(3100)  34(34)      89.9   89.9 
MFFBF68CA  17-11     3750(4200)  44(40)      105.0  85.1 
IFFBF77CA  13-03     3500(3500)  39(39)      90.3   90.3 
JFFBF37CA  14-09     4030(4600)  48(38)      121.1  83.5 
JFFBF87CA  14-04     3300(3300)  39(39)      84.8   84.8 
JFFBF47CA  13-12     3300(3300)  39(39)      84.8   84.8 
KFFBF67CA  15-01     3796(4236)  38(36)      117.8  100.0
NFFBF68CA  18-07     2700(2700)  33(33)      82.9   82.9 
NFFBF78EA  18-06     3375(3590)  41(38)      93.7   82.3 
MFFBF87CA  16-11     3648(4308)  44(36)      121.2  83.6 
OFFBF58CA  19-01     4550(4850)  36(30)      163.0  126.4
KFFBF48CA  15-05     5144(5774)  49(41)      141.7  104.1
MFFBF28CA  17-09     3366(3796)  34(33)      115.8  98.7 
MFFBF09CA  17-05     3715(4145)  38(36)      116.2  99.0 
OFFBF18CA  19-03     2560(2560)  31(31)      81.5   81.5 
KFFBF77CA  15-03     3948(4388)  40(38)      116.3  98.6 
HFFBF47CA  12-10     3570(3570)  34(34)      104.0  104.0
LFFBF18DA  16-03     2900(2900)  32(32)      90.2   90.2 
IFFBF57CA  13-10     2808(2808)  34(34)      82.9   82.9 
JFFBF48CA  14-04     3400(3620)  41(40)      90.9   82.5 
LFFBF68CA  16-02     3280(3280)  37(37)      87.5   87.5 
PFFBF09CA  20-03     2821(2821)  31(31)      90.1   90.1 
IFFBF67CA  13-10     3340(3340)  37(37)      90.4   90.4 
HFFBF67CA  12-10     3343(3343)  32(32)      104.4  104.4
NFFBF56CA  18-07     3490(3490)  34(34)      101.5  101.5
IFFBF58CA  13-10     2963(2963)  36(36)      82.9   82.9 
HFFBF67CA  12-10     3332(3332)  32(32)      105.2  105.2
IFFBF28CA  13-02     2918(2918)  35(35)      82.3   82.3 
OFFBF09CA  19-03     3575(4020)  42(39)      104.3  85.1 
OFFBF96CA  18-12     3926(4526)  47(37)      121.1  83.5 
OFFBF58CA  19-09     4370(4910)  42(35)      141.7  104.1
LFFBF48CA  16-11     4045(4465)  41(38)      116.4  98.6 
MFFBF56CA  17-07     4912(5542)  47(39)      141.7  104.1
LFFBF18CA  16-09     3920(4380)  39(37)      117.1  99.3 
MFFBF86CA  17-04     3960(4180)  48(45)      93.7   82.3 
KFFBF88CA  14-12     3680(4100)  37(35)      116.6  98.8 
IFFBF56CA  13-04     3300(3300)  38(38)      87.7   87.7 
KFFBF58CA  15-03     3820(4260)  39(37)      116.6  98.8 
PFFBF76DA  20-07     3000(3000)  36(36)      82.9   82.9 
OFFBF68CA  19-08     2988(2988)  33(33)      91.4   91.4 
OFFBF38CA  19-03     2850(2850)  35(35)      80.4   80.4 
JFFBF58CA  14-08     3893(4463)  47(37)      120.3  82.7 
LFFBF28CA  16-01     3308(3308)  38(38)      86.4   86.4 
JFFBF77CA  14-08     3995(4565)  48(38)      121.1  83.5 
LFFBF08CA  16-08     3148(3588)  38(36)      100.7  82.9 
OFFBF88CA  19-04     3660(4260)  43(37)      114.2  85.1 
IFFBF18CA  13-10     2702(2702)  33(33)      83.1   83.1 
IFFBF48CA  12-12     3420(3420)  36(36)      94.4   94.4 
IFFBF88CA  13-07     5510(6170)  49(40)      156.0  112.7
JFFBF47CA  14-09     5283(5913)  51(42)      141.7  104.1
JFFBF97CA  14-10     3800(3800)  44(44)      86.0   86.0 
IFFBF98CA  13-07     4436(4950)  41(33)      150.4  107.1
KFFBF87CA  15-03     3433(3893)  41(39)      100.9  83.1 
HFFBF57CA  12-10     3238(3238)  31(31)      103.2  103.2
OFFBF48CA  19-01     4730(5390)  45(38)      141.7  104.1
KFFBF48CA  15-05     3699(4149)  45(42)      99.5   82.4 
KFFBF78EA  15-02     4700(4700)  45(45)      103.7  103.7
OFFBF07CA  19-05     4345(4745)  45(40)      118.3  97.6 
IFFBF87CA  12-12     3120(3120)  37(37)      83.3   83.3 
KFFBF58CA  15-06     4010(4450)  41(38)      116.4  98.6 
KFFBF38CA  15-06     4028(4488)  41(39)      116.2  98.4 
MFFBF38CA  17-01     3302(3302)  33(33)      100.2  100.2
HFFBF77CA  12-10     3719(3719)  36(36)      103.6  103.6
IFFBF87CA  13-10     3280(3280)  36(36)      90.1   90.1 
LFFBF18CA  16-08     3658(4168)  44(34)      121.1  83.5 
PFFBF56CA  20-06     3380(3380)  37(37)      91.4   91.4 
KFFBF88CA  15-03     3383(3803)  41(38)      101.3  83.5 
KFFBF68CA  15-10     3770(3770)  36(36)      103.5  103.5
OFFBF58CA  18-12     3200(3550)  38(35)      102.5  83.3 
LFFBF86CA  16-06     3450(3960)  42(33)      120.4  82.8 
JFFBF88CA  14-11     3860(4430)  47(37)      120.4  82.8 
MFFBF88CA  17-07     4090(4550)  48(43)      105.0  85.1 
KFFBF98CA  15-04     3490(3930)  42(39)      101.3  83.5 
PFFBF57EA  20-05     4390(4830)  45(42)      116.3  98.6 
OFFBF56CA  19-04     3528(4198)  43(35)      120.4  82.8 
KFFBF68CA  15-03     4372(4792)  44(41)      117.1  99.4 
JFFBF97DA  14-11     2915(2915)  36(36)      80.5   80.5 
PFFBF78CA  20-03     2625(2625)  31(31)      83.9   83.9 
MFFBF78CA  17-07     3770(4450)  38(36)      124.9  98.9 
KFFBF87CA  15-08     2850(2850)  32(32)      87.7   87.7 
MFFBF78CA  17-06     4658(5228)  45(37)      141.7  104.1
KFFBF87CA  14-11     5123(5633)  49(40)      141.7  104.1
MFFBF38CA  17-02     2950(2950)  33(33)      88.9   88.9 
LFFBF38CA  16-03     3360(3360)  39(39)      86.4   86.4 
LFFBF48CA  15-12     3292(3292)  38(38)      86.5   86.5 
IFFBF28CA  13-10     2663(2663)  32(32)      82.9   82.9 
MFFBF66CA  17-07     4668(5298)  45(37)      141.7  104.1
MFFBF76CA  17-08     4888(5398)  47(38)      141.7  104.1
NFFBF78CA  18-04     3600(4035)  42(39)      104.4  85.3 
KFFBF28CA  14-12     4856(5366)  47(38)      141.7  104.1
IFFBF08CA  13-01     3200(3200)  36(36)      89.9   89.9 
IFFBF77CA  13-10     2838(2838)  34(34)      82.9   82.9 
NFFBF48CA  18-10     3680(4120)  44(38)      107.9  82.8 
OFFBF56CA  19-05     4140(4940)  32(29)      169.5  130.9
IFFBF18CA  13-01     3000(3000)  36(36)      82.3   82.3 
IFFBF38CA  13-01     2980(2980)  33(33)      89.9   89.9 
NFFBF96CA  18-08     2650(2650)  32(32)      84.0   84.0 
PFFBF66CA  20-03     3240(3240)  37(37)      87.4   87.4 
IFFBF68CA  13-10     2910(2910)  35(35)      82.2   82.2 
LFFBF58CA  16-05     3060(3270)  37(36)      92.0   83.1 
KFFBF68CA  15-06     4235(4655)  43(40)      116.1  98.3 
IFFBF87CA  13-10     3250(3250)  36(36)      90.1   90.1 
KFFBF58CA  15-03     4441(4881)  45(42)      116.8  99.0 
OFFBF98CA  19-05     3280(3280)  32(32)      103.5  103.5
LFFBF58CA  16-03     2945(3385)  35(34)      99.7   83.2 
IFFBF38CA  12-12     3215(3215)  39(39)      83.3   83.3 
JFFBF09CA  14-08     3880(4450)  46(37)      121.2  83.6 
PFFBF56CA  20-01     3750(4500)  45(37)      120.3  82.7 
NFFBF56CA  17-12     3557(4197)  42(36)      115.1  85.3 
HFFBF87CA  12-10     3338(3338)  35(35)      95.4   95.4 
MFFBF38CA  17-10     3180(3180)  35(35)      89.7   89.7 
IFFBF97CA  13-10     3285(3285)  36(36)      90.1   90.1 
NFFBF38CA  18-08     2560(2560)  32(32)      80.5   80.5 
OFFBF66CA  19-04     3970(4765)  47(41)      114.9  85.1 
KFFBF48CA  14-12     4738(5058)  46(41)      122.0  102.1
KFFBF68CA  15-01     3911(4421)  47(37)      120.4  82.8 
OFFBF66CA  19-04     4009(4499)  47(43)      105.1  85.3 
JFFBF98CA  14-11     2830(2830)  33(33)      85.3   85.3 
LFFBF48CA  16-10     3070(3070)  32(32)      96.4   96.4 
LFFBF96CA  16-06     3615(4125)  43(34)      121.2  83.6 
JFFBF98CA  14-07     4090(4690)  49(39)      120.3  82.7 
OFFBF58CA  19-08     3020(3020)  33(33)      92.2   92.2 
LFFBF38CA  16-09     3340(3800)  40(37)      101.4  83.6 
KFFBF68CA  15-01     4510(4980)  45(43)      116.4  99.2 
OFFBF66CA  19-04     4035(4735)  48(39)      121.2  83.6 
PFFBF96CA  20-05     2980(2980)  36(36)      82.9   82.9 
PFFBF66CA  20-01     4570(5260)  44(37)      141.7  104.1
OFFBF37CA  19-06     3728(4168)  45(41)      102.4  82.6 
NFFBF38CA  18-03     2770(2770)  33(33)      84.0   84.0 
OFFBF58CA  18-12     3422(3857)  40(37)      104.3  85.1 
MFFBF88CA  17-06     4998(5658)  48(40)      141.7  104.1
PFFBF98CA  20-03     3928(4468)  47(37)      120.3  82.7 
OFFBF09CA  19-04     3700(4155)  43(40)      105.0  85.1 
NFFBF09CA  18-04     3735(4170)  44(40)      104.4  85.3 
MFFBF09CA  17-01     3480(3480)  43(43)      80.9   80.9 
HFFBF67CA  12-10     3580(3580)  35(35)      103.2  103.2
HFFBF77CA  12-10     3139(3139)  33(33)      94.3   94.3 
OFFBF58CA  19-10     3000(3000)  34(34)      87.2   87.2 
OFFBF88CA  19-02     4120(4750)  39(34)      140.9  105.7
LFFBF48CA  16-01     2970(3200)  36(35)      92.5   83.6 
LFFBF58CA  16-10     2640(2640)  32(32)      81.5   81.5 
KFFBF56CA  15-06     3019(3019)  35(35)      86.4   86.4 
KFFBF56CA  15-05     4767(5277)  46(37)      141.7  104.1
LFFBF38CA  16-11     3000(3000)  31(31)      95.3   95.3 
KFFBF88CA  15-05     5880(5880)  37(37)      159.8  159.8
MFFBF98CA  17-03     3260(3670)  39(37)      100.1  82.9 
IFFBF28CA  13-01     3260(3260)  34(34)      95.4   95.4 
IFFBF18CA  13-05     3320(3320)  32(32)      104.5  104.5
HFFBF87CA  12-10     3040(3040)  32(32)      94.6   94.6 
NFFBF88CA  18-05     5018(5588)  48(39)      141.7  104.1
PFFBF76DA  20-07     3100(3100)  35(35)      88.9   88.9 
OFFBF09CA  19-03     3170(3600)  37(34)      104.4  85.3 
IFFBF78CA  13-04     3803(4135)  46(42)      99.3   82.5 
IFFBF48CA  12-12     3030(3030)  36(36)      83.3   83.3 
JFFBF56CA  14-08     4080(4650)  49(39)      120.3  82.7 
NFFBF66CA  17-12     4171(4621)  49(44)      105.0  85.1 
MFFBF58CA  17-02     3036(3036)  35(35)      87.8   87.8 
HFFBF97CA  12-10     3616(3616)  34(34)      105.2  105.2
PFFBF86DA  20-07     3390(3600)  41(38)      93.7   82.3 
KFFBF58CA  14-12     4813(5173)  47(41)      125.9  102.1
PFFBF56DA  20-11     5000(5000)  47(47)      106.2  106.2
OFFBF17CA  19-07     3810(4480)  46(37)      120.3  82.7 
MFFBF98CA  17-10     2690(2690)  33(33)      82.6   82.6 
OFFBF86CA  19-04     2952(2952)  32(32)      93.5   93.5 
MFFBF96CA  17-04     4585(5245)  44(37)      141.7  104.1
MFFBF09CA  17-07     3809(4239)  45(40)      105.1  85.3 
KFFBF56CA  15-04     5105(5755)  46(42)      136.2  110.2
NFFBF17CA  18-06     4491(5121)  43(36)      141.7  104.1
PFFBF98CA  19-12     4610(5390)  46(39)      138.5  100.9
PFFBF76CA  19-11     4848(5568)  47(39)      141.7  104.1
IFFBF76CA  13-07     4600(4600)  43(43)      107.7  107.7
MFFBF08CA  17-07     2900(2900)  32(32)      90.1   90.1 
LFFBF78CA  16-06     3470(4100)  42(34)      121.2  83.6 
JFFBF08CA  14-09     5228(5888)  50(42)      141.7  104.1
KFFBF78CA  15-05     2820(2820)  32(32)      88.7   88.7 
KFFBF28CA  14-11     2980(2980)  36(36)      83.3   83.3 
NFFBF66CA  18-03     3330(3790)  39(36)      105.1  85.3 
OFFBF76CA  19-06     2850(2850)  32(32)      90.3   90.3 
KFFBF08CA  15-03     4109(4569)  42(39)      116.8  99.0 
HFFBF77CA  12-10     3069(3069)  33(33)      93.5   93.5 
KFFBF88CA  15-05     4113(4623)  49(38)      121.1  83.5 
KFFBF78CA  15-03     3380(3590)  41(39)      92.3   83.4 
KFFBF58CA  14-12     3570(4000)  36(34)      116.1  99.0 
PFFBF66CA  20-02     2700(2700)  32(32)      83.3   83.3 
KFFBF66CA  15-05     3246(3246)  37(37)      87.5   87.5 
IFFBF68CA  13-02     3243(3243)  39(39)      83.3   83.3 
OFFBF86CA  19-03     3150(3150)  32(32)      97.9   97.9 
KFFBF66CA  15-05     5145(5775)  49(41)      141.7  104.1
NFFBF28CA  18-08     5300(5300)  34(34)      154.2  154.2
HFFBF87CA  12-10     3472(3472)  37(37)      94.3   94.3 
IFFBF97CA  13-10     2855(2855)  34(34)      82.9   82.9 
HFFBF97CA  12-10     3483(3483)  37(37)      94.3   94.3 
JFFBF98CA  14-07     3500(3500)  35(35)      98.6   98.6 
KFFBF48CA  14-11     2860(2860)  34(34)      85.3   85.3 
IFFBF38CA  13-01     3503(3503)  37(37)      94.4   94.4 
LFFBF09CA  16-02     3250(3250)  37(37)      87.5   87.5 
NFFBF17CA  18-07     4030(4330)  37(30)      142.9  107.8
IFFBF88CA  13-10     2692(2692)  32(32)      83.1   83.1 
HFFBF97CA  12-10     3058(3058)  32(32)      94.6   94.6 
MFFBF98CA  17-07     3240(3450)  39(38)      91.3   83.0 
KFFBF78CA  15-05     3528(3988)  42(40)      100.5  83.4 
PFFBF66CA  20-02     2640(2640)  33(33)      80.5   80.5 
NFFBF78CA  18-01     2790(2790)  32(32)      87.8   87.8 
JFFBF66CA  14-08     4080(4650)  49(38)      121.1  83.5 
MFFBF07CA  17-07     4820(5240)  46(41)      129.1  104.1
HFFBF08CA  12-10     3517(3517)  34(34)      103.6  103.6
KFFBF38CA  15-01     6442(6882)  49(46)      148.2  130.4
IFFBF28CA  13-09     4260(4260)  40(40)      106.1  106.1
LFFBF68CA  16-10     2739(2739)  33(33)      82.4   82.4 
PFFBF27DA  20-08     3028(3028)  34(34)      90.1   90.1 
MFFBF09CA  17-06     3370(3800)  41(37)      102.2  82.4 
IFFBF58CA  13-12     3100(3100)  34(34)      89.9   89.9 
OFFBF86CA  19-03     3938(4538)  46(40)      114.2  85.1 
KFFBF88CA  15-03     4010(4430)  40(38)      116.4  99.3 
PFFBF09CA  19-11     4680(5200)  46(41)      125.9  100.9
MFFBF18CA  17-09     4125(4560)  48(44)      104.3  85.1 
NFFBF58CA  18-02     2650(2650)  32(32)      83.3   83.3 
LFFBF68CA  16-03     3260(3260)  38(38)      86.4   86.4 
LFFBF68CA  16-01     3280(3280)  39(39)      84.3   84.3 
IFFBF58CA  13-04     3300(3300)  38(38)      88.0   88.0 
IFFBF28CA  13-01     2870(2870)  32(32)      89.9   89.9 
NFFBF07CA  18-08     4198(4658)  52(44)      105.6  80.5 
JFFBF78CA  13-12     2950(2950)  35(35)      84.8   84.8 
PFFBF58CA  19-08     3615(4100)  42(39)      104.3  85.1 
KFFBF18CA  15-03     4229(4689)  43(40)      116.0  98.2 
HFFBF87CA  12-10     2700(2700)  32(32)      84.0   84.0 
HFFBF97CA  12-10     3584(3584)  35(35)      103.2  103.2
NFFBF76CA  18-07     3853(4258)  45(41)      104.4  85.3 
MFFBF78CA  17-08     4837(5407)  46(38)      141.7  104.1
KFFBF78CA  14-12     5800(5800)  34(34)      169.5  169.5
IFFBF58CA  13-10     3260(3260)  36(36)      89.8   89.8 
JFFBF09CA  14-06     3766(3766)  44(44)      85.3   85.3 
MFFBF96CA  17-07     3500(3500)  35(35)      100.5  100.5
LFFBF09CA  16-02     3258(3258)  38(38)      84.9   84.9 
LFFBF28CA  16-10     3459(3799)  41(35)      108.6  83.5 
JFFBF48CA  14-05     5360(5945)  51(40)      148.3  105.2
HFFBF97CA  12-10     3525(3525)  37(37)      94.3   94.3 
MFFBF48CA  17-01     3270(3490)  39(38)      91.8   82.9 
IFFBF08CA  13-10     2910(2910)  35(35)      82.9   82.9 
MFFBF98CA  17-02     3190(3630)  38(36)      100.3  83.2 
HFFBF08CA  12-10     3580(3580)  34(34)      106.8  106.8
IFFBF28CA  13-09     3190(3190)  32(32)      100.8  100.8
JFFBF58CA  13-10     3270(3270)  36(36)      90.4   90.4 
LFFBF86CA  16-06     3142(3142)  33(33)      95.4   95.4 
JFFBF66CA  14-05     2888(2888)  35(35)      83.3   83.3 
IFFBF09CA  13-07     2950(2950)  36(36)      81.8   81.8 
KFFBF78CA  15-02     3500(3920)  42(39)      101.3  83.5 
OFFBF07CA  19-06     3300(3300)  39(39)      84.5   84.5 
MFFBF66CA  16-12     3710(4280)  44(35)      121.2  83.6 
IFFBF66CA  13-06     3280(3280)  40(40)      81.3   81.3 
IFFBF09CA  13-04     3430(3430)  39(39)      87.8   87.8 
KFFBF57CA  14-12     4090(4910)  40(34)      145.8  102.1
KFFBF88CA  15-03     3515(3925)  43(40)      99.3   82.5 
