ID         交易年月  總價(含車)  單價(含車)  權狀  建坪
---------  --------  ----------  ----------  ----  ----
IFFBF47CA  13-03     1850(2030)  42(39)      51.8  44.0
OFFBF18CA  19-03     2088(2293)  45(41)      55.7  46.6
MFFBF27CA  16-12     1729(1954)  40(35)      56.6  43.5
NFFBF57CA  18-09     1280(1470)  41(36)      40.3  31.2
IFFBF96CA  13-01     1550(1730)  45(41)      42.2  34.6
HFFBF96CA  12-10     2035(2220)  42(38)      58.9  48.6
NFFBF38DA  18-07     1745(1945)  43(37)      52.2  40.5
JFFBF37CA  13-05     1905(1905)  39(39)      48.7  48.7
NFFBF67CA  18-09     2100(2290)  45(41)      55.7  46.6
IFFBF67CA  12-12     1871(2031)  40(35)      57.4  46.3
HFFBF47CA  12-12     1315(1485)  41(38)      39.5  31.9
KFFBF57CA  15-06     1730(1950)  42(39)      50.5  40.9
NFFBF87CA  18-04     1220(1220)  32(32)      37.9  37.9
JFFBF67CA  13-03     1430(1430)  38(38)      37.9  37.9
PFFBF48CA  20-03     1200(1200)  33(33)      36.2  36.2
IFFBF87CA  13-05     1373(1373)  41(41)      33.3  33.3
MFFBF38CA  17-03     1295(1520)  42(34)      45.0  30.5
LFFBF77CA  16-09     1244(1469)  39(33)      45.0  31.9
JFFBF67CA  14-10     1970(2120)  46(37)      57.5  43.1
IFFBF97CA  13-05     2062(2272)  42(40)      56.4  49.1
JFFBF97CA  14-03     1730(1730)  41(41)      41.8  41.8
LFFBF18CA  16-03     1470(1680)  35(33)      51.0  42.1
HFFBF28CA  12-08     1391(1391)  37(37)      38.1  38.1
JFFBF77CA  14-01     1795(2000)  44(39)      50.8  40.6
HFFBF48DA  12-07     2073(2278)  43(39)      59.0  48.7
KFFBF38CA  15-06     1795(2020)  44(39)      51.5  40.9
KFFBF48CA  15-05     1751(1966)  45(40)      49.1  39.1
IFFBF77CA  13-10     1359(1539)  44(40)      38.4  31.1
PFFBF28DA  20-05     2075(2255)  42(37)      61.2  48.9
PFFBF98DA  20-05     1960(1960)  39(39)      49.7  49.7
KFFBF77CA  15-05     1530(1735)  48(41)      42.5  31.9
IFFBF47CA  13-04     1755(1930)  42(40)      48.4  42.2
OFFBF77CA  19-11     1769(1989)  46(38)      52.3  38.7
OFFBF38CA  19-07     1330(1330)  39(39)      34.5  34.5
OFFBF97CA  19-10     1820(2030)  45(36)      56.2  40.4
OFFBF87DA  19-01     1380(1580)  38(34)      46.0  36.2
HFFBF17CA  12-10     1265(1430)  37(30)      47.2  34.6
IFFBF27CA  13-08     1950(1950)  44(44)      44.0  44.0
HFFBF27CA  12-11     1446(1596)  43(41)      39.4  34.0
PFFBF08CA  19-12     1778(1998)  46(38)      52.3  38.7
IFFBF77CA  13-05     1608(1608)  37(37)      43.9  43.9
KFFBF08CA  15-05     1833(2028)  45(40)      51.0  41.0
MFFBF77CA  16-12     1695(1920)  39(34)      56.5  43.4
PFFBF28DA  20-10     2098(2348)  46(41)      57.9  46.1
MFFBF08CA  17-02     1565(1760)  44(36)      48.8  35.9
IFFBF37CA  13-01     1940(2080)  41(35)      59.1  47.0
KFFBF67CA  15-06     1790(2020)  44(41)      49.2  40.9
IFFBF57CA  13-01     1880(2035)  45(35)      57.5  42.1
IFFBF77CA  13-04     1228(1228)  41(41)      30.2  30.2
HFFBF37CA  12-09     1137(1227)  33(31)      40.1  34.2
KFFBF48CA  15-06     1755(1980)  45(40)      49.7  39.0
LFFBF08CA  16-09     1286(1511)  40(34)      45.0  31.9
JFFBF08CA  13-03     1275(1435)  42(38)      37.9  30.3
NFFBF28CA  18-09     1500(1500)  32(32)      46.9  46.9
HFFBF87CA  12-12     2054(2274)  42(39)      59.0  48.7
IFFBF08CA  13-03     1838(2038)  41(36)      57.3  44.6
IFFBF57CA  13-05     2156(2386)  44(40)      59.0  48.7
JFFBF67CA  14-04     2050(2205)  48(38)      57.5  43.1
PFFBF58DA  20-05     2118(2508)  43(34)      73.4  48.9
LFFBF47CA  16-09     1273(1473)  40(33)      44.4  31.9
HFFBF27CA  12-11     1440(1585)  42(40)      39.4  34.0
KFFBF08CA  15-05     1500(1705)  47(40)      42.5  31.9
IFFBF67CA  13-04     1828(1943)  44(34)      57.2  41.9
JFFBF87DA  14-05     1350(1350)  45(45)      30.2  30.2
HFFBF97DA  12-07     1265(1440)  42(38)      37.8  30.2
OFFBF97CA  19-01     1180(1180)  37(37)      32.3  32.3
MFFBF87CA  17-02     1650(1650)  36(36)      46.3  46.3
KFFBF18CA  15-06     1707(1922)  44(39)      49.5  38.8
KFFBF67CA  15-06     2220(2220)  45(45)      49.3  49.3
KFFBF28CA  15-06     1873(2088)  46(41)      51.0  41.0
OFFBF98CA  19-07     1360(1585)  40(35)      45.5  34.0
HFFBF47CA  12-10     1281(1281)  42(42)      30.2  30.2
KFFBF77CA  15-06     1780(2000)  44(41)      49.2  40.9
IFFBF67CA  13-01     1873(2018)  45(35)      57.0  41.7
LFFBF18CA  16-04     1300(1300)  36(36)      36.3  36.3
NFFBF78DA  18-06     1740(1960)  41(37)      52.5  42.2
PFFBF58CA  20-02     1438(1668)  42(37)      45.5  34.0
PFFBF56DA  20-08     1320(1320)  36(36)      36.2  36.2
PFFBF58CA  19-12     1728(1958)  45(37)      52.3  38.7
IFFBF38CA  13-07     1580(1580)  41(41)      38.4  38.4
HFFBF38CA  12-08     1730(1730)  36(36)      47.6  47.6
HFFBF77CA  12-09     1598(1808)  40(35)      51.2  39.5
LFFBF38CA  16-09     1716(1931)  39(34)      56.6  43.5
JFFBF47CA  13-03     1400(1400)  39(39)      36.1  36.1
PFFBF08CA  20-02     1310(1310)  38(38)      34.3  34.3
KFFBF18CA  15-06     2115(2320)  43(39)      59.3  49.1
IFFBF77CA  12-12     1546(1546)  31(31)      49.1  49.1
IFFBF18CA  13-06     1840(2020)  42(39)      51.8  44.0
HFFBF47CA  12-08     1385(1385)  38(38)      36.2  36.2
IFFBF97CA  13-05     1535(1535)  40(40)      38.6  38.6
IFFBF57CA  13-01     1358(1538)  43(39)      39.5  31.9
OFFBF28CA  19-10     1858(2088)  46(37)      56.2  40.4
KFFBF18CA  15-03     1400(1400)  41(41)      34.5  34.5
PFFBF68CA  20-01     1775(1985)  46(38)      52.3  38.7
IFFBF97CA  13-02     2128(2308)  44(39)      58.6  48.6
HFFBF58CA  12-08     1406(1406)  38(38)      37.0  37.0
PFFBF09CA  20-02     1268(1468)  41(36)      40.8  31.0
KFFBF18CA  15-06     1760(1990)  43(39)      50.5  40.9
HFFBF97CA  12-10     1277(1432)  37(31)      46.4  34.6
IFFBF48CA  13-04     2062(2282)  43(39)      58.8  48.5
OFFBF28CA  19-04     1182(1182)  38(38)      31.3  31.3
JFFBF08CA  14-06     1600(1600)  42(42)      37.9  37.9
IFFBF08CA  13-08     1575(1575)  42(42)      37.6  37.6
JFFBF08CA  14-05     2129(2284)  49(40)      57.5  43.1
JFFBF18CA  14-07     1805(2015)  46(42)      48.0  39.2
NFFBF08CA  18-09     2056(2276)  44(41)      55.7  46.6
IFFBF18CA  13-06     1430(1640)  43(40)      40.8  33.3
IFFBF87CA  13-03     1330(1330)  42(42)      32.0  32.0
PFFBF28CA  19-11     1874(2064)  40(37)      55.7  46.6
KFFBF77CA  15-08     1715(1930)  44(39)      49.7  39.1
PFFBF78CA  19-12     1282(1502)  41(37)      40.8  31.0
JFFBF28CA  14-02     2563(2738)  52(45)      61.0  49.3
NFFBF28CA  18-09     1398(1588)  45(39)      40.3  31.2
OFFBF98CA  19-06     1450(1450)  36(36)      40.5  40.5
IFFBF48CA  13-07     1727(1947)  41(37)      52.2  41.9
KFFBF78CA  15-07     1669(1874)  43(38)      49.7  39.0
PFFBF88CA  19-12     1385(1610)  41(35)      45.5  34.0
PFFBF88CA  20-02     1250(1250)  33(33)      37.9  37.9
IFFBF28CA  13-03     1290(1290)  34(34)      37.6  37.6
NFFBF56CA  18-06     1050(1050)  34(34)      31.2  31.2
OFFBF86CA  19-08     1543(1543)  38(38)      40.3  40.3
JFFBF67CA  14-03     1350(1350)  40(40)      33.6  33.6
JFFBF67CA  13-03     1308(1308)  36(36)      36.1  36.1
HFFBF18DA  12-08     2083(2288)  43(39)      58.8  48.5
IFFBF87CA  13-04     2114(2279)  43(40)      56.4  49.1
LFFBF77CA  16-09     1300(1510)  41(34)      45.0  31.9
HFFBF47DA  12-08     1360(1360)  34(34)      40.1  40.1
JFFBF38CA  14-04     2090(2225)  48(39)      57.5  43.1
JFFBF08CA  14-11     1790(1990)  44(40)      49.4  40.6
NFFBF78CA  18-05     1360(1360)  38(38)      36.1  36.1
HFFBF68CA  12-08     1305(1305)  36(36)      36.2  36.2
HFFBF47CA  12-07     1250(1430)  41(37)      38.4  30.2
KFFBF38CA  15-07     1658(1863)  43(37)      49.7  39.0
IFFBF97CA  13-04     1349(1499)  42(39)      38.4  32.0
IFFBF28CA  13-03     1390(1560)  41(38)      41.2  33.6
OFFBF56CA  19-07     1725(1925)  44(36)      53.7  39.4
IFFBF18CA  13-11     1800(1800)  38(38)      47.3  47.3
HFFBF78CA  12-08     1330(1330)  37(37)      36.2  36.2
KFFBF38CA  15-06     1885(2100)  46(41)      51.7  41.0
KFFBF48CA  15-05     1535(1740)  48(41)      42.5  31.9
IFFBF48CA  13-04     1922(2108)  44(40)      52.2  43.8
IFFBF38CA  13-05     1448(1658)  43(41)      40.8  33.3
JFFBF58DA  14-04     1780(1780)  41(41)      43.9  43.9
KFFBF48CA  15-06     1745(1970)  43(38)      51.5  40.9
IFFBF28CA  13-05     1785(2005)  42(38)      52.5  42.2
OFFBF88CA  19-11     1778(1998)  45(37)      53.7  39.4
IFFBF88CA  13-05     1385(1545)  41(37)      41.8  33.6
KFFBF07CA  15-06     1770(2005)  43(40)      50.5  40.9
JFFBF37CA  14-02     2520(2720)  51(45)      61.0  49.3
PFFBF77DA  19-12     1672(1862)  39(36)      52.3  43.1
MFFBF67CA  17-03     2230(2430)  47(43)      57.0  47.1
HFFBF96EA  12-03     1272(1452)  42(38)      38.4  30.2
MFFBF47CA  17-10     1196(1196)  33(33)      36.8  36.8
KFFBF57CA  15-03     2148(2353)  44(40)      59.3  49.1
OFFBF18CA  19-05     2153(2343)  46(42)      55.7  46.6
KFFBF37CA  14-12     1257(1407)  34(27)      51.3  36.6
JFFBF97DA  14-05     1829(1829)  38(38)      47.8  47.8
JFFBF47CA  14-09     1670(1670)  35(35)      47.5  47.5
HFFBF08DA  12-07     1394(1579)  41(35)      45.7  34.0
KFFBF38DA  15-08     1505(1505)  38(38)      40.0  40.0
KFFBF28CA  15-06     1787(2002)  44(39)      51.7  41.0
JFFBF67CA  14-10     1930(2135)  46(41)      52.3  42.2
IFFBF67CA  13-02     1511(1681)  42(38)      44.6  35.6
HFFBF27CA  12-09     1140(1230)  34(31)      39.8  33.9
NFFBF08CA  18-10     1485(1700)  48(42)      40.3  31.2
OFFBF68CA  19-06     1984(2174)  43(39)      55.7  46.6
KFFBF97DA  15-01     1366(1366)  38(38)      35.7  35.7
HFFBF28CA  12-08     1371(1371)  38(38)      36.2  36.2
JFFBF97CA  14-02     1310(1310)  38(38)      34.3  34.3
IFFBF97CA  13-03     1245(1245)  41(41)      30.2  30.2
PFFBF48DA  20-06     2030(2230)  47(39)      57.5  43.1
JFFBF97CA  13-03     1655(1815)  40(37)      48.7  41.1
JFFBF96CA  13-12     1750(2145)  43(36)      59.5  40.6
MFFBF37CA  16-12     1425(1660)  45(37)      45.0  31.9
KFFBF17CA  15-08     1180(1180)  34(34)      34.6  34.6
IFFBF27CA  13-04     2128(2308)  44(39)      58.6  48.6
MFFBF67CA  17-02     2095(2325)  48(40)      57.9  43.4
MFFBF18CA  17-06     1400(1400)  35(35)      40.0  40.0
KFFBF37CA  15-01     2248(2433)  47(42)      57.8  47.8
LFFBF77CA  16-01     1645(1880)  41(37)      51.2  40.5
KFFBF87CA  15-05     1805(2020)  44(39)      51.5  40.9
MFFBF57CA  16-11     1885(2110)  43(37)      56.5  43.4
JFFBF27CA  13-09     2000(2170)  41(35)      62.2  48.5
MFFBF87CA  16-11     1600(1600)  35(35)      46.0  46.0
LFFBF18CA  16-02     1630(1855)  40(36)      51.2  40.5
IFFBF08CA  13-06     1894(2085)  43(40)      52.4  44.0
KFFBF67CA  15-06     2455(2675)  50(45)      58.9  49.3
MFFBF38CA  17-05     1330(1330)  34(34)      39.3  39.3
KFFBF77DA  14-12     1450(1450)  36(36)      40.5  40.5
KFFBF77CA  15-09     1768(1768)  37(37)      47.2  47.2
JFFBF08CA  14-04     1760(1760)  38(38)      46.4  46.4
KFFBF38CA  15-06     1805(2030)  44(39)      51.5  40.9
IFFBF47CA  13-09     1290(1290)  38(38)      34.3  34.3
IFFBF67CA  12-12     1470(1660)  42(39)      42.2  34.6
IFFBF08CA  13-05     1284(1434)  41(38)      37.5  31.1
MFFBF38CA  17-03     2033(2223)  42(36)      61.7  48.2
JFFBF08CA  14-04     2206(2376)  45(43)      55.5  49.1
LFFBF08CA  16-10     1390(1390)  44(44)      31.9  31.9
KFFBF18CA  15-02     1750(1930)  40(36)      53.5  43.6
KFFBF48CA  15-06     1737(1952)  42(38)      50.9  40.9
KFFBF58CA  15-05     1550(1550)  49(49)      31.9  31.9
MFFBF78CA  17-05     1315(1315)  39(39)      33.3  33.3
JFFBF67CA  14-05     2038(2208)  47(38)      57.5  43.1
HFFBF37CA  12-10     1660(1840)  40(37)      50.1  41.3
IFFBF28CA  13-04     1370(1530)  41(37)      41.2  33.6
KFFBF78CA  15-07     1505(1710)  47(40)      42.5  31.9
JFFBF37CA  13-04     1400(1400)  37(37)      37.9  37.9
IFFBF07CA  13-09     2139(2369)  44(40)      58.8  48.5
IFFBF87CA  13-08     1850(2060)  44(39)      52.4  42.1
IFFBF87CA  13-03     1983(2158)  40(37)      58.0  49.6
PFFBF08DA  20-10     1650(1650)  41(41)      40.0  40.0
OFFBF97DA  19-01     1880(2080)  41(36)      58.4  46.3
MFFBF57CA  16-12     1712(1712)  37(37)      46.3  46.3
PFFBF68DA  20-07     1330(1330)  37(37)      36.1  36.1
IFFBF37CA  13-09     1210(1210)  33(33)      36.9  36.9
PFFBF38CA  20-01     1768(2008)  46(38)      52.3  38.7
OFFBF88CA  19-06     1378(1598)  41(36)      44.8  33.3
JFFBF57CA  13-12     1800(1950)  47(41)      47.3  38.2
IFFBF57CA  13-02     2043(2243)  42(38)      59.0  48.7
IFFBF67CA  13-01     1900(2050)  45(36)      57.2  41.9
IFFBF87CA  13-04     1377(1377)  41(41)      33.6  33.6
PFFBF78CA  20-02     1278(1478)  41(36)      40.8  31.0
JFFBF67CA  13-12     2168(2378)  44(41)      57.9  49.1
IFFBF38CA  13-07     1480(1480)  39(39)      37.7  37.7
OFFBF48CA  19-07     1375(1600)  41(36)      44.5  33.2
IFFBF38CA  13-07     1349(1519)  43(40)      38.4  31.1
IFFBF08CA  13-03     1707(1892)  41(38)      50.0  41.3
HFFBF58DA  12-07     1680(1880)  43(37)      51.2  39.5
KFFBF28CA  15-02     1750(1930)  40(32)      59.7  43.6
PFFBF78DA  20-06     1565(1790)  51(40)      45.1  30.6
LFFBF47CA  16-09     1695(1695)  35(35)      47.9  47.9
NFFBF77CA  18-09     1550(1550)  34(34)      46.0  46.0
IFFBF97CA  13-08     1348(1348)  43(43)      31.6  31.6
IFFBF47DA  13-09     1452(1452)  37(37)      39.3  39.3
JFFBF47CA  13-11     1870(1870)  40(40)      47.1  47.1
KFFBF28CA  15-05     1840(2055)  45(40)      51.5  40.9
IFFBF28CA  13-08     1579(1579)  41(41)      38.4  38.4
HFFBF67CA  12-12     1500(1500)  34(34)      43.9  43.9
JFFBF97CA  14-03     1760(1760)  39(39)      45.3  45.3
KFFBF77CA  15-06     1721(1951)  42(39)      50.5  40.9
NFFBF88DA  18-07     1530(1930)  37(33)      58.2  41.3
IFFBF57CA  13-05     2050(2180)  44(36)      61.0  47.0
KFFBF87CA  15-06     1760(2000)  43(40)      50.5  40.9
IFFBF38CA  13-06     1840(2040)  42(39)      51.8  44.0
HFFBF67CA  12-10     1829(2019)  41(35)      57.3  44.6
HFFBF67CA  12-10     1870(2050)  42(36)      57.3  44.6
KFFBF28CA  15-02     1990(2200)  46(40)      55.1  43.6
IFFBF48CA  13-07     1695(1695)  44(44)      38.3  38.3
HFFBF48CA  12-08     1873(1873)  39(39)      47.6  47.6
JFFBF38CA  14-04     2048(2218)  47(38)      57.7  43.3
LFFBF18CA  15-12     1685(1900)  41(37)      51.5  40.9
HFFBF58CA  12-08     1370(1370)  38(38)      36.2  36.2
KFFBF18CA  15-06     1788(2038)  44(40)      50.5  40.9
OFFBF78CA  19-02     1715(1935)  42(34)      56.2  40.4
PFFBF98DA  20-02     1970(2350)  42(33)      71.1  47.0
LFFBF57CA  16-09     1714(1714)  37(37)      46.2  46.2
PFFBF48CA  20-05     1748(1978)  45(38)      52.3  38.7
PFFBF28EA  20-11     1836(2036)  44(36)      57.2  41.9
PFFBF48CA  20-05     1319(1529)  43(38)      40.0  31.0
JFFBF87CA  14-05     2210(2380)  51(41)      57.7  43.3
JFFBF08CA  14-06     2091(2261)  48(39)      57.7  43.3
IFFBF47CA  13-10     1550(1550)  46(46)      33.6  33.6
IFFBF57CA  13-02     1595(1820)  39(36)      50.1  41.3
LFFBF77CA  15-12     1250(1250)  34(34)      36.8  36.8
PFFBF88DA  20-06     1338(1558)  43(38)      40.8  31.0
LFFBF08CA  16-11     1764(1989)  41(35)      56.5  43.4
HFFBF38CA  12-08     1355(1355)  38(38)      35.8  35.8
PFFBF38CA  19-08     1750(1950)  43(36)      54.6  40.4
JFFBF48CA  14-08     1412(1412)  42(42)      33.3  33.3
OFFBF88CA  19-05     1450(1450)  36(36)      40.5  40.5
JFFBF48CA  14-06     2200(2200)  45(45)      48.4  48.4
OFFBF38CA  19-08     1767(1977)  44(35)      56.2  40.4
HFFBF77CA  12-10     1347(1512)  39(32)      47.2  34.6
PFFBF76EA  20-07     1390(1390)  34(34)      40.3  40.3
PFFBF58CA  19-07     1375(1595)  41(36)      44.8  33.3
IFFBF08CA  13-02     1571(1751)  44(39)      44.6  35.6
HFFBF68CA  12-08     1356(1356)  37(37)      37.0  37.0
HFFBF08CA  12-10     1829(2009)  41(35)      57.3  44.6
KFFBF67CA  15-08     2307(2487)  47(41)      61.2  49.5
PFFBF58CA  20-05     1755(1985)  45(38)      52.3  38.7
PFFBF58DA  20-03     1430(1630)  37(33)      48.8  39.0
IFFBF87CA  13-05     1352(1572)  42(39)      40.2  32.0
IFFBF08CA  13-05     1240(1240)  41(41)      30.4  30.4
PFFBF78CA  19-09     1255(1465)  40(36)      40.8  31.0
IFFBF18CA  13-04     1440(1650)  43(40)      40.8  33.3
JFFBF68CA  14-06     2300(2300)  48(48)      48.4  48.4
NFFBF38CA  18-09     1410(1615)  45(40)      40.3  31.2
IFFBF28CA  13-04     1848(2033)  44(36)      57.2  41.9
PFFBF88DA  20-11     1538(1763)  50(39)      45.2  30.7
HFFBF68CA  12-08     1196(1196)  32(32)      37.7  37.7
OFFBF78CA  18-12     1745(1955)  43(35)      56.2  40.4
HFFBF18CA  12-10     1695(1695)  36(36)      47.6  47.6
OFFBF76CA  19-05     1500(1500)  32(32)      47.6  47.6
PFFBF56DA  20-04     2100(2295)  43(37)      61.5  49.2
KFFBF77CA  15-08     1650(1845)  43(38)      48.6  38.6
KFFBF38CA  15-05     1863(2068)  45(40)      51.7  41.0
IFFBF08CA  13-03     1764(1964)  42(37)      52.5  42.2
OFFBF48DA  19-09     1650(1850)  41(37)      50.3  40.0
OFFBF68CA  19-12     1720(1950)  44(37)      52.3  38.7
JFFBF18CA  14-11     1785(2000)  44(39)      50.8  40.6
IFFBF08CA  13-01     1858(1988)  45(35)      57.0  41.7
HFFBF78CA  12-08     1335(1335)  37(37)      36.2  36.2
IFFBF48CA  13-02     1578(1758)  44(39)      44.6  35.6
IFFBF57CA  13-05     2000(2330)  43(32)      73.1  47.0
KFFBF48CA  15-05     1755(1970)  43(38)      51.5  40.9
JFFBF18CA  14-01     1240(1240)  40(40)      31.0  31.0
OFFBF76CA  19-07     1838(2068)  47(37)      55.2  39.4
PFFBF76DA  20-07     1565(1565)  39(39)      40.5  40.5
JFFBF78CA  14-06     2200(2400)  45(42)      57.7  48.9
JFFBF88CA  14-06     1270(1270)  41(41)      31.0  31.0
HFFBF88CA  12-08     1320(1320)  36(36)      36.2  36.2
KFFBF48CA  15-06     1875(2100)  46(41)      51.7  41.0
MFFBF38CA  17-10     1300(1300)  43(43)      30.2  30.2
IFFBF18CA  13-04     1456(1576)  47(42)      37.1  30.7
IFFBF87CA  13-10     1616(1616)  43(43)      37.7  37.7
JFFBF48CA  14-06     1880(2080)  52(49)      42.5  36.0
KFFBF58CA  15-05     1790(1790)  46(46)      39.0  39.0
IFFBF48CA  13-10     1708(1903)  44(39)      49.4  39.2
HFFBF48CA  12-10     1580(1770)  39(36)      49.5  40.8
IFFBF38CA  13-05     1811(2031)  43(39)      52.5  42.2
PFFBF98DA  20-02     2030(2230)  42(38)      59.1  48.9
KFFBF17CA  15-06     1782(2022)  44(40)      50.5  40.9
KFFBF08DA  15-05     1460(1460)  42(42)      34.5  34.5
OFFBF38CA  19-08     1833(2053)  47(37)      55.2  39.4
OFFBF18CA  19-06     1895(2085)  41(37)      55.7  46.6
PFFBF58EA  20-07     1420(1650)  42(37)      45.2  34.0
JFFBF67CA  14-05     1755(1970)  43(39)      50.8  40.6
OFFBF48CA  19-06     1893(2098)  41(38)      55.7  46.6
LFFBF97CA  16-05     1966(2166)  40(31)      69.2  48.9
NFFBF08CA  18-04     1400(1400)  39(39)      36.2  36.2
PFFBF08DA  20-09     1500(1500)  40(40)      37.5  37.5
KFFBF57CA  15-08     1795(2020)  43(39)      52.0  41.3
HFFBF37CA  12-10     1668(1863)  42(37)      50.3  40.0
OFFBF08CA  19-10     1941(2351)  42(36)      64.7  46.6
OFFBF18CA  19-10     1320(1320)  40(40)      33.3  33.3
IFFBF47CA  13-08     1975(2175)  45(42)      51.6  43.8
NFFBF18CA  18-09     1420(1610)  46(40)      40.3  31.2
OFFBF48CA  19-01     1958(2368)  42(37)      64.7  46.6
OFFBF98DA  19-07     1700(1900)  41(36)      52.2  41.9
PFFBF68CA  20-03     1340(1560)  38(34)      46.4  34.9
HFFBF57CA  12-07     2058(2258)  47(43)      52.1  43.9
HFFBF77CA  12-11     1770(1930)  43(37)      52.5  40.8
HFFBF38CA  12-08     1340(1340)  37(37)      36.2  36.2
JFFBF68CA  14-07     1915(2120)  49(43)      49.4  39.2
IFFBF97CA  13-05     1910(2100)  43(40)      52.4  44.0
NFFBF28DA  18-01     1590(1780)  36(34)      52.4  44.0
OFFBF38CA  19-03     2170(2550)  47(39)      64.7  46.6
KFFBF08DA  15-07     2080(2080)  45(45)      46.0  46.0
NFFBF77CA  18-10     1325(1530)  42(38)      40.3  31.2
PFFBF68EA  20-07     1300(1300)  38(38)      34.3  34.3
HFFBF07CA  12-10     1312(1487)  38(32)      47.2  34.6
KFFBF47CA  14-12     1765(1960)  45(40)      49.4  39.2
LFFBF87DA  16-01     1210(1210)  35(35)      34.5  34.5
HFFBF47CA  12-10     1598(1743)  40(39)      44.8  39.5
IFFBF87EA  13-11     1200(1200)  37(37)      32.1  32.1
KFFBF77CA  15-06     2455(2675)  50(45)      58.9  49.3
PFFBF58CA  20-04     1310(1310)  36(36)      36.0  36.0
MFFBF18CA  17-02     1650(1650)  36(36)      46.3  46.3
IFFBF08CA  13-05     1540(1540)  45(45)      34.6  34.6
JFFBF87CA  14-07     2252(2467)  52(43)      57.7  43.3
IFFBF18CA  13-05     1324(1489)  41(38)      39.3  32.0
MFFBF48CA  17-02     1500(1720)  42(34)      50.4  35.9
PFFBF88CA  19-05     1300(1500)  42(37)      40.8  31.0
HFFBF48CA  12-08     1412(1412)  37(37)      38.1  38.1
JFFBF97CA  14-01     2152(2367)  44(40)      59.1  48.9
KFFBF28CA  15-02     1770(1970)  41(36)      55.1  43.6
MFFBF68CA  17-05     1927(1927)  40(40)      48.2  48.2
KFFBF68CA  15-05     1557(1762)  49(41)      42.5  31.9
HFFBF47CA  12-10     1556(1736)  38(35)      50.1  41.3
IFFBF38CA  13-04     1378(1558)  41(37)      41.8  33.6
IFFBF07CA  12-10     1410(1600)  40(34)      46.9  35.0
MFFBF47CA  16-06     2100(2100)  49(49)      42.5  42.5
MFFBF87CA  17-04     1303(1528)  41(34)      45.0  31.9
LFFBF47CA  16-09     1848(1848)  38(38)      49.1  49.1
HFFBF27CA  12-10     1552(1742)  38(35)      50.1  41.3
JFFBF47CA  13-05     1478(1478)  39(39)      37.9  37.9
JFFBF57CA  13-10     1242(1242)  41(41)      30.3  30.3
NFFBF77DA  17-11     1830(2030)  45(41)      49.2  40.9
OFFBF18CA  19-02     1968(2173)  42(39)      55.7  46.6
HFFBF37CA  12-09     1390(1565)  42(38)      40.8  33.3
HFFBF37DA  12-09     1390(1570)  41(34)      45.7  34.0
PFFBF88DA  20-05     1776(1986)  46(38)      52.3  38.7
IFFBF28CA  13-08     2322(2322)  48(48)      48.6  48.6
OFFBF78DA  19-05     1980(2180)  41(37)      58.8  48.5
KFFBF48DA  15-04     1510(1510)  40(40)      37.4  37.4
JFFBF97CA  14-03     2207(2387)  45(42)      56.4  49.1
KFFBF87CA  15-06     1770(2020)  43(40)      50.5  40.9
PFFBF68CA  20-03     2007(2417)  48(36)      67.2  41.8
JFFBF77CA  13-12     1695(1910)  43(39)      49.4  39.2
IFFBF48CA  13-07     1500(1500)  40(40)      37.7  37.7
JFFBF38CA  13-05     1745(1890)  42(39)      48.7  41.1
IFFBF48DA  13-05     1220(1220)  36(36)      33.7  33.7
KFFBF68CA  15-06     1493(1698)  47(40)      42.5  31.9
LFFBF88DA  16-07     1108(1108)  32(32)      34.3  34.3
HFFBF58CA  12-08     1335(1335)  37(37)      36.2  36.2
JFFBF18CA  14-10     1770(1975)  45(40)      49.4  39.2
PFFBF88DA  20-11     1330(1330)  36(36)      36.8  36.8
KFFBF38CA  15-02     1900(2300)  44(35)      65.0  43.6
IFFBF18CA  13-11     2165(2365)  44(43)      55.5  49.1
LFFBF77DA  15-11     1690(1690)  37(37)      45.7  45.7
IFFBF57CA  13-04     1840(2050)  41(36)      57.3  44.6
PFFBF48CA  20-05     1950(2180)  48(39)      56.1  40.3
HFFBF27CA  12-09     1285(1285)  39(39)      33.3  33.3
KFFBF57CA  15-01     1930(1930)  40(40)      48.2  48.2
PFFBF18CA  19-11     1728(1938)  45(37)      52.3  38.7
MFFBF08CA  17-02     1400(1615)  42(34)      47.9  33.3
PFFBF38CA  20-02     1988(2198)  51(41)      53.6  39.3
IFFBF97CA  13-05     1590(1590)  34(34)      47.2  47.2
IFFBF67CA  13-01     1895(2020)  45(35)      57.0  41.7
KFFBF08DA  15-02     1680(1680)  37(37)      45.7  45.7
KFFBF08CA  15-03     1620(1620)  39(39)      41.6  41.6
KFFBF38CA  15-06     1815(2030)  44(40)      51.0  41.0
MFFBF08CA  16-12     1385(1600)  43(36)      44.4  31.9
KFFBF97CA  15-09     1760(1985)  43(38)      52.0  41.3
MFFBF68CA  17-06     1752(1977)  40(35)      56.6  43.5
KFFBF87CA  15-06     1638(1838)  40(37)      49.2  40.9
KFFBF48CA  15-06     1425(1640)  45(39)      42.5  31.9
PFFBF78CA  19-09     1688(1888)  41(37)      51.2  41.4
HFFBF67CA  12-10     1180(1180)  39(39)      30.4  30.4
LFFBF18CA  16-11     1710(1710)  37(37)      46.2  46.2
OFFBF38CA  19-08     1720(2150)  44(31)      69.5  39.4
KFFBF28DA  15-10     1220(1220)  39(39)      31.0  31.0
IFFBF58CA  13-07     1604(1604)  42(42)      38.3  38.3
HFFBF58CA  12-08     1755(1755)  38(38)      46.0  46.0
OFFBF76DA  19-07     1550(1750)  37(31)      57.2  41.9
KFFBF68DA  15-04     1730(1730)  37(37)      46.8  46.8
LFFBF28CA  15-11     1383(1571)  43(37)      42.5  31.9
HFFBF68CA  12-08     1365(1365)  38(38)      36.2  36.2
HFFBF97CA  12-09     1670(1885)  42(37)      50.6  39.5
KFFBF28CA  15-08     2028(2258)  41(39)      57.6  49.3
HFFBF18CA  12-12     1390(1570)  42(36)      43.1  33.1
NFFBF28DA  18-03     1410(1610)  38(34)      46.8  37.0
JFFBF57CA  14-10     1837(1837)  38(38)      47.9  47.9
JFFBF67CA  13-04     1920(1920)  39(39)      49.4  49.4
IFFBF87CA  13-05     1550(1700)  44(34)      50.3  35.0
JFFBF18CA  14-06     2009(2159)  46(37)      57.7  43.3
PFFBF09EA  20-07     2158(2358)  44(39)      61.0  49.3
KFFBF67CA  14-11     1750(1750)  37(37)      47.5  47.5
KFFBF38CA  15-06     2110(2310)  43(40)      57.9  49.1
IFFBF38CA  13-08     2037(2267)  47(43)      52.2  43.8
JFFBF28CA  14-04     1828(1978)  42(34)      57.5  43.1
HFFBF87EA  12-10     2180(2350)  46(42)      56.3  47.2
MFFBF28CA  17-10     1180(1180)  37(37)      32.2  32.2
HFFBF48CA  12-08     1270(1270)  35(35)      36.2  36.2
IFFBF97CA  13-01     1849(1984)  44(35)      57.0  41.7
MFFBF78CA  17-05     2045(2225)  42(36)      61.6  48.2
NFFBF09CA  18-06     1445(1445)  36(36)      40.0  40.0
PFFBF88CA  19-12     1965(2185)  49(40)      54.6  40.4
IFFBF58CA  13-06     2090(2260)  44(40)      57.0  48.0
HFFBF78CA  12-08     1378(1378)  37(37)      37.0  37.0
OFFBF88CA  19-10     1760(1760)  38(38)      46.0  46.0
KFFBF38CA  15-06     1720(1960)  42(39)      50.5  40.9
LFFBF77CA  16-09     1730(1730)  35(35)      48.8  48.8
PFFBF38CA  19-12     1280(1280)  34(34)      37.9  37.9
KFFBF58CA  15-06     1780(1780)  46(46)      39.1  39.1
OFFBF78CA  19-02     1838(2038)  41(37)      54.7  44.4
PFFBF88CA  19-07     1280(1280)  41(41)      31.0  31.0
PFFBF98CA  19-03     1328(1518)  43(37)      40.8  31.0
JFFBF88DA  14-07     1640(1640)  37(37)      43.9  43.9
HFFBF78CA  12-08     1392(1392)  36(36)      39.0  39.0
IFFBF88CA  13-08     1790(2200)  44(36)      60.9  40.6
HFFBF28CA  12-08     1585(1585)  34(34)      46.6  46.6
KFFBF48CA  15-06     1766(2006)  43(40)      50.5  40.9
HFFBF28CA  12-10     1622(1622)  34(34)      47.3  47.3
PFFBF17DA  20-04     1200(1200)  39(39)      31.0  31.0
PFFBF96DA  20-06     1316(1536)  42(38)      40.8  31.0
IFFBF08CA  13-06     2004(2174)  42(38)      57.0  48.0
KFFBF38CA  15-05     1785(2000)  43(38)      52.0  41.3
MFFBF58CA  17-05     2000(2180)  41(36)      60.6  48.2
PFFBF56DA  20-06     2097(2332)  48(41)      56.7  44.0
NFFBF48CA  18-10     1458(1663)  47(41)      40.3  31.2
NFFBF98CA  18-04     1600(1600)  35(35)      46.0  46.0
HFFBF88CA  12-08     1365(1485)  38(32)      46.0  36.2
OFFBF76CA  19-04     1805(2015)  46(37)      55.2  39.4
IFFBF18CA  13-04     1366(1521)  43(39)      39.3  32.0
KFFBF97CA  15-10     1300(1300)  42(42)      31.0  31.0
KFFBF58CA  15-05     1541(1746)  48(41)      42.5  31.9
PFFBF66DA  20-06     1780(2020)  46(39)      52.3  38.7
HFFBF87CA  12-10     1475(1600)  43(41)      39.4  34.0
IFFBF58CA  13-02     1820(2010)  41(38)      52.4  44.0
LFFBF48CA  16-10     1270(1465)  40(33)      44.4  31.9
IFFBF48CA  13-04     1775(1995)  42(38)      52.5  42.2
JFFBF78CA  14-06     2099(2099)  43(43)      49.1  49.1
LFFBF28CA  15-11     1295(1500)  41(35)      42.5  31.9
JFFBF56CA  14-09     1994(2374)  41(38)      62.8  49.1
HFFBF98CA  12-08     1300(1300)  36(36)      36.2  36.2
IFFBF28CA  13-04     1324(1489)  43(39)      38.0  30.7
IFFBF97CA  13-09     1980(1980)  40(40)      49.5  49.5
IFFBF68CA  13-11     2145(2360)  44(40)      59.1  48.9
PFFBF37DA  20-05     1390(1560)  45(38)      40.8  31.0
JFFBF88CA  14-02     1798(1998)  44(40)      49.4  40.6
IFFBF97CA  13-10     1660(1660)  45(45)      37.1  37.1
JFFBF48CA  13-03     1856(1856)  38(38)      48.7  48.7
IFFBF56CA  13-05     1425(1425)  42(42)      33.6  33.6
KFFBF27CA  15-06     2408(2638)  49(45)      58.9  49.3
HFFBF07CA  12-11     2064(2274)  43(39)      58.8  48.5
HFFBF07CA  12-10     1750(1920)  43(37)      52.2  40.6
KFFBF97DA  15-06     1270(1270)  37(37)      34.3  34.3
HFFBF77DA  12-07     1740(1900)  43(36)      52.5  40.8
KFFBF37CA  15-01     2195(2400)  46(40)      59.7  47.8
